20180126 205410 8550000;88.96;88.955;88.96;1
20180126 205410 8550000;88.96;88.955;88.96;2
20180126 205413 2850000;88.955;88.95;88.955;1
20180126 205413 2850000;88.955;88.95;88.955;1
20180126 205413 2850000;88.955;88.95;88.955;1
20180126 205413 2920000;88.955;88.955;88.96;1
20180126 205421 5660000;88.955;88.95;88.955;1
20180126 205428 3900000;88.95;88.95;88.955;2
20180126 205448 7890000;88.95;88.945;88.95;1
20180126 205449 4720000;88.95;88.945;88.95;2
20180126 205449 4720000;88.95;88.945;88.95;1
20180126 205507 3000000;88.955;88.95;88.955;1
20180126 205511 7420000;88.95;88.95;88.955;3
20180126 205604 7730000;88.945;88.945;88.95;1
20180126 205604 7730000;88.945;88.945;88.95;3
20180126 205615 8280000;88.945;88.945;88.95;1
20180126 205615 8280000;88.945;88.945;88.95;1
20180126 205615 8860000;88.945;88.94;88.945;2
20180126 205617 0660000;88.95;88.94;88.95;1
20180126 205704 8550000;88.945;88.94;88.945;1
20180126 205704 9640000;88.945;88.945;88.95;1
20180126 205705 0890000;88.945;88.945;88.95;1
20180126 205709 9640000;88.945;88.945;88.95;3
20180126 205710 0420000;88.945;88.94;88.945;1
20180126 205714 0500000;88.945;88.94;88.945;1
20180126 205720 1210000;88.95;88.94;88.95;1
20180126 205730 2140000;88.945;88.94;88.945;1
20180126 205739 3280000;88.945;88.94;88.945;1
20180126 205747 1560000;88.94;88.94;88.945;1
20180126 205751 7650000;88.945;88.94;88.945;2
20180126 205802 7960000;88.94;88.94;88.95;3
20180126 205802 7960000;88.94;88.94;88.95;1
20180126 205802 7960000;88.94;88.94;88.95;2
20180126 205802 7960000;88.94;88.94;88.95;1
20180126 205802 7960000;88.94;88.94;88.95;1
20180126 205802 7960000;88.94;88.94;88.95;1
20180126 205802 7960000;88.94;88.94;88.95;1
20180126 205805 8280000;88.94;88.94;88.945;1
20180126 205808 0350000;88.94;88.935;88.94;2
20180126 205808 0420000;88.94;88.935;88.94;1
20180126 205808 0460000;88.94;88.935;88.94;1
20180126 205808 0460000;88.935;88.935;88.94;1
20180126 205808 0460000;88.935;88.935;88.94;1
20180126 205808 0460000;88.935;88.935;88.94;1
20180126 205821 7850000;88.94;88.935;88.94;1
20180126 205837 0500000;88.94;88.94;88.945;3
20180126 205837 0500000;88.94;88.94;88.945;1
20180126 205837 0500000;88.94;88.94;88.945;2
20180126 205837 0500000;88.94;88.94;88.945;1
20180126 205837 0500000;88.94;88.94;88.945;1
20180126 205837 9410000;88.94;88.935;88.94;1
20180126 205856 8710000;88.935;88.935;88.94;2
20180126 205856 8710000;88.935;88.935;88.94;2
20180126 205856 8710000;88.935;88.935;88.94;3
20180126 205856 8710000;88.935;88.935;88.94;1
20180126 205856 8710000;88.935;88.935;88.94;1
20180126 205927 3430000;88.94;88.93;88.94;1
20180126 205932 1640000;88.935;88.93;88.935;2
20180126 205933 0850000;88.935;88.935;88.94;1
20180126 205938 3240000;88.93;88.93;88.935;2
20180126 205940 3080000;88.93;88.93;88.935;1
20180126 205940 8710000;88.93;88.93;88.935;1
20180126 205940 8710000;88.93;88.93;88.935;1
20180126 205940 8710000;88.93;88.93;88.935;1
20180126 205940 8710000;88.93;88.93;88.935;2
20180126 205955 0310000;88.925;88.925;88.935;1
20180126 205956 0700000;88.935;88.925;88.935;1
20180126 205956 6790000;88.925;88.925;88.935;1
20180126 205958 3510000;88.925;88.925;88.935;1
20180126 205959 4290000;88.935;88.93;88.935;1
20180126 210000 0460000;88.93;88.93;88.935;1
20180126 210000 2530000;88.935;88.93;88.935;2
20180126 210000 2530000;88.935;88.93;88.935;2
20180126 210000 2530000;88.935;88.93;88.935;1
20180126 210000 2530000;88.935;88.93;88.935;1
20180126 210000 2530000;88.94;88.93;88.94;1
20180126 210001 6830000;88.925;88.925;88.935;1
20180126 210002 0310000;88.925;88.925;88.935;2
20180126 210003 8280000;88.935;88.93;88.935;1
20180126 210026 4530000;88.935;88.935;88.94;1
20180126 210026 4530000;88.935;88.935;88.94;1
20180126 210026 4530000;88.935;88.935;88.94;2
20180126 210036 7100000;88.93;88.93;88.94;1
20180126 210222 1480000;88.92;88.915;88.92;1
20180126 210334 2070000;88.92;88.91;88.92;1
20180126 210338 4800000;88.91;88.91;88.915;1
20180126 210401 5500000;88.91;88.91;88.915;2
20180126 210409 8470000;88.915;88.915;88.92;1
20180126 210456 4140000;88.92;88.92;88.925;1
20180126 210519 5420000;88.91;88.91;88.92;1
20180126 210519 5420000;88.91;88.91;88.92;1
20180126 210520 5820000;88.91;88.91;88.92;1
20180126 210543 5890000;88.915;88.91;88.915;1
20180126 210712 2180000;88.91;88.91;88.915;1
20180126 211104 1990000;88.92;88.915;88.92;1
20180126 211104 1990000;88.92;88.915;88.92;5
20180126 211104 1990000;88.92;88.915;88.92;1
20180126 211104 1990000;88.92;88.915;88.92;1
20180126 211118 6870000;88.925;88.92;88.925;1
20180126 211119 0500000;88.92;88.92;88.925;2
20180126 211132 3820000;88.92;88.92;88.93;1
20180126 211132 3820000;88.92;88.92;88.93;2
20180126 211132 3820000;88.92;88.92;88.93;2
20180126 211132 3820000;88.92;88.92;88.93;2
20180126 211132 3820000;88.92;88.92;88.93;1
20180126 211436 7960000;88.93;88.93;88.935;1
20180126 211458 0820000;88.925;88.925;88.93;1
20180126 211555 7220000;88.92;88.92;88.925;1
20180126 211740 6010000;88.91;88.91;88.915;1
20180126 211758 2220000;88.91;88.905;88.91;1
20180126 211820 0030000;88.91;88.91;88.915;1
20180126 211948 0460000;88.91;88.91;88.915;1
20180126 212012 9100000;88.915;88.905;88.915;1
20180126 212218 5230000;88.9;88.9;88.905;4
20180126 212218 5350000;88.895;88.895;88.9;1
20180126 212218 5350000;88.895;88.895;88.9;1
20180126 212221 3820000;88.9;88.9;88.905;3
20180126 212221 3820000;88.9;88.9;88.905;1
20180126 212311 9490000;88.9;88.9;88.91;2
20180126 212529 4600000;88.905;88.905;88.91;2
20180126 212529 4760000;88.905;88.905;88.91;1
20180126 212529 7730000;88.905;88.905;88.91;1
20180126 212542 5780000;88.905;88.895;88.905;1
20180126 212818 5350000;88.895;88.895;88.905;1
20180126 213019 7140000;88.905;88.9;88.905;1
20180126 213019 7140000;88.905;88.9;88.905;5
20180126 213037 4640000;88.905;88.9;88.905;1
20180126 213045 1170000;88.91;88.905;88.91;1
20180126 213054 0700000;88.905;88.905;88.91;1
20180126 213125 6360000;88.9;88.9;88.91;1
20180126 213125 6360000;88.9;88.9;88.91;1
20180126 213201 0000000;88.9;88.9;88.905;1
20180126 213230 1050000;88.9;88.9;88.91;1
20180126 213232 5030000;88.905;88.905;88.91;1
20180126 213245 2810000;88.9;88.9;88.91;1
20180126 213245 2810000;88.9;88.9;88.91;4
20180126 213245 2810000;88.9;88.9;88.905;1
20180126 213245 2810000;88.9;88.9;88.905;1
20180126 213246 0970000;88.9;88.895;88.9;8
20180126 213246 0970000;88.9;88.895;88.9;2
20180126 213251 7260000;88.9;88.9;88.905;1
20180126 213251 7260000;88.9;88.9;88.905;1
20180126 213313 3000000;88.91;88.91;88.915;1
20180126 213319 2730000;88.905;88.905;88.91;1
20180126 213319 2730000;88.905;88.905;88.91;1
20180126 213319 2730000;88.905;88.905;88.91;1
20180126 213319 2730000;88.905;88.905;88.91;1
20180126 213319 2770000;88.905;88.905;88.91;1
20180126 213405 6670000;88.895;88.895;88.9;2
20180126 213600 1210000;88.905;88.9;88.905;1
20180126 213627 6910000;88.895;88.89;88.895;1
20180126 213627 6910000;88.9;88.895;88.9;1
20180126 213637 1050000;88.895;88.895;88.9;3
20180126 214000 9170000;88.895;88.895;88.905;1
20180126 214200 1400000;88.89;88.885;88.89;1
20180126 214209 2140000;88.885;88.885;88.89;1
20180126 214339 5580000;88.88;88.88;88.885;1
20180126 214339 5580000;88.88;88.88;88.885;1
20180126 214349 3000000;88.875;88.875;88.885;2
20180126 214448 8320000;88.88;88.875;88.88;2
20180126 214500 0070000;88.875;88.875;88.88;1
20180126 214500 0070000;88.875;88.875;88.88;1
20180126 214500 0070000;88.875;88.875;88.88;2
20180126 214501 3550000;88.87;88.87;88.88;1
20180126 214502 4210000;88.88;88.87;88.88;1
20180126 214512 5230000;88.87;88.87;88.88;1
20180126 214605 1130000;88.875;88.87;88.875;1
20180126 214633 0070000;88.87;88.87;88.88;1
20180126 214717 2770000;88.875;88.875;88.885;1
20180126 214938 5000000;88.87;88.87;88.875;2
20180126 215000 1440000;88.875;88.87;88.875;1
20180126 215000 7500000;88.875;88.87;88.875;1
20180126 215000 7500000;88.875;88.87;88.875;1
20180126 215000 9140000;88.875;88.87;88.875;1
20180126 215002 1830000;88.87;88.87;88.875;2
20180126 215003 1050000;88.87;88.87;88.875;1
20180126 215003 1050000;88.87;88.87;88.875;1
20180126 215003 1670000;88.865;88.865;88.875;1
20180126 215003 1670000;88.865;88.865;88.875;2
20180126 215030 8940000;88.875;88.875;88.88;1
20180126 215059 5150000;88.875;88.875;88.885;1
20180126 215059 5150000;88.875;88.875;88.885;2
20180126 215102 9370000;88.875;88.875;88.88;1
20180126 215104 8630000;88.87;88.87;88.875;1
20180126 215219 4410000;88.88;88.865;88.88;1
20180126 215331 6480000;88.89;88.875;88.89;1
20180126 215500 2070000;88.895;88.895;88.905;1
20180126 215500 2070000;88.895;88.895;88.905;1
20180126 215532 6320000;88.885;88.885;88.9;1
20180126 215646 5150000;88.89;88.89;88.9;5
20180126 215846 2960000;88.86;88.86;88.87;5
20180126 215846 2960000;88.86;88.86;88.87;1
20180126 215908 8590000;88.865;88.865;88.87;2
20180126 215908 8590000;88.865;88.865;88.87;6
20180126 215915 0070000;88.875;88.855;88.875;1
20180126 215915 0070000;88.875;88.855;88.875;1
20180126 215915 0070000;88.875;88.855;88.875;5
20180126 215915 1010000;88.88;88.855;88.88;9
20180128 144724 8747660;88.88;88.88;88.885;9
20180128 230000 1400000;88.95;88.95;88.955;3
20180128 230000 1400000;88.95;88.95;88.955;3
20180128 230000 1400000;88.95;88.95;88.955;3
20180128 230000 1400000;88.95;88.95;88.955;1
20180128 230000 1400000;88.95;88.95;88.955;2
20180128 230000 1400000;88.95;88.95;88.955;3
20180128 230000 1560000;88.935;88.935;88.955;1
20180128 230010 0350000;88.935;88.91;88.935;1
20180128 230010 0350000;88.935;88.91;88.935;1
20180128 230010 0350000;88.935;88.91;88.935;1
20180128 230010 0350000;88.935;88.91;88.935;3
20180128 230036 7960000;88.91;88.905;88.91;1
20180128 230036 7960000;88.91;88.905;88.91;4
20180128 230038 4720000;88.92;88.91;88.92;1
20180128 230039 8240000;88.92;88.91;88.92;1
20180128 230209 0850000;88.94;88.92;88.94;1
20180128 230209 0850000;88.94;88.92;88.94;1
20180128 230326 2140000;88.92;88.92;88.925;1
20180128 230326 2140000;88.92;88.92;88.925;1
20180128 230344 1480000;88.915;88.915;88.925;2
20180128 230401 3820000;88.92;88.915;88.92;2
20180128 230432 5700000;88.935;88.92;88.935;4
20180128 230432 5700000;88.935;88.935;88.94;4
20180128 230600 0310000;88.95;88.935;88.95;1
20180128 230600 0310000;88.95;88.935;88.95;1
20180128 230600 5310000;88.945;88.93;88.945;1
20180128 230600 5310000;88.95;88.93;88.95;4
20180128 230600 5310000;88.955;88.93;88.955;1
20180128 230600 6520000;88.945;88.93;88.945;1
20180128 230600 6520000;88.95;88.93;88.95;1
20180128 230600 6520000;88.95;88.93;88.95;1
20180128 230600 6520000;88.95;88.93;88.95;3
20180128 230600 7650000;88.945;88.93;88.945;1
20180128 230600 7650000;88.95;88.93;88.95;2
20180128 230600 7650000;88.95;88.93;88.95;3
20180128 230600 8470000;88.95;88.93;88.95;1
20180128 230600 8470000;88.95;88.93;88.95;5
20180128 230600 9250000;88.95;88.93;88.95;1
20180128 230600 9250000;88.95;88.93;88.95;4
20180128 230600 9250000;88.95;88.93;88.95;1
20180128 230849 2920000;88.94;88.94;88.945;5
20180128 230849 2920000;88.94;88.94;88.945;1
20180128 230849 2920000;88.94;88.94;88.945;2
20180128 230849 2920000;88.94;88.94;88.945;2
20180128 230953 2100000;88.935;88.935;88.94;1
20180128 230953 2100000;88.935;88.935;88.94;5
20180128 231041 3350000;88.935;88.93;88.935;1
20180128 231155 7180000;88.94;88.93;88.94;5
20180128 231239 5070000;88.935;88.935;88.94;1
20180128 231239 5070000;88.935;88.935;88.94;1
20180128 231445 7610000;88.955;88.95;88.955;1
20180128 231507 2260000;88.95;88.95;88.955;1
20180128 231557 3860000;88.96;88.95;88.96;1
20180128 231601 0820000;88.96;88.955;88.96;1
20180128 231620 4880000;88.96;88.96;88.965;1
20180128 231640 0700000;88.96;88.96;88.965;2
20180128 231729 4880000;88.96;88.95;88.96;1
20180128 231729 4880000;88.96;88.95;88.96;5
20180128 231729 4880000;88.96;88.95;88.96;4
20180128 231812 3470000;88.96;88.955;88.96;1
20180128 231857 8940000;88.96;88.955;88.96;1
20180128 232007 9370000;88.95;88.95;88.955;5
20180128 232007 9370000;88.95;88.95;88.955;1
20180128 232008 0820000;88.95;88.95;88.955;1
20180128 232008 0820000;88.95;88.95;88.955;1
20180128 232053 2730000;88.94;88.94;88.945;5
20180128 232131 9410000;88.94;88.93;88.94;5
20180128 232131 9410000;88.94;88.93;88.94;1
20180128 232132 1440000;88.94;88.94;88.945;4
20180128 232132 9410000;88.93;88.93;88.94;1
20180128 232133 0660000;88.93;88.93;88.94;1
20180128 232133 0660000;88.925;88.925;88.94;1
20180128 232133 7420000;88.93;88.93;88.945;1
20180128 232146 6320000;88.94;88.93;88.94;1
20180128 232603 5580000;88.955;88.94;88.955;1
20180128 232651 0030000;88.95;88.94;88.95;1
20180128 232701 2380000;88.95;88.95;88.955;5
20180128 232701 2380000;88.95;88.95;88.955;4
20180128 232703 9640000;88.94;88.94;88.945;1
20180128 232703 9640000;88.94;88.94;88.945;4
20180128 232709 1360000;88.94;88.94;88.945;1
20180128 232709 1360000;88.94;88.94;88.945;1
20180128 233051 2650000;88.91;88.91;88.92;1
20180128 233114 4760000;88.92;88.915;88.92;1
20180128 233135 3350000;88.915;88.915;88.925;1
20180128 233308 2570000;88.915;88.91;88.915;1
20180128 233308 2570000;88.915;88.91;88.915;1
20180128 233308 2570000;88.915;88.91;88.915;1
20180128 234044 7530000;88.915;88.915;88.92;1
20180128 234641 7810000;88.885;88.885;88.9;2
20180128 234641 7810000;88.885;88.885;88.9;2
20180128 234641 7810000;88.885;88.885;88.9;1
20180128 234743 0780000;88.905;88.895;88.905;1
20180128 234822 3670000;88.915;88.9;88.915;1
20180128 234822 3670000;88.915;88.9;88.915;1
20180128 235010 0190000;88.89;88.89;88.895;1
20180128 235325 9170000;88.87;88.87;88.88;1
20180128 235747 8900000;88.88;88.875;88.88;1
20180128 235932 2500000;88.87;88.87;88.875;1
20180128 235937 2650000;88.865;88.865;88.87;1
20180129 000003 7300000;88.875;88.87;88.875;1
20180129 000008 6990000;88.885;88.88;88.885;1
20180129 000036 7260000;88.88;88.88;88.885;1
20180129 000208 2340000;88.865;88.86;88.865;1
20180129 000259 4920000;88.87;88.87;88.88;1
20180129 000259 4920000;88.87;88.87;88.88;1
20180129 000259 4920000;88.87;88.87;88.88;2
20180129 000522 0890000;88.85;88.85;88.855;2
20180129 000522 0890000;88.85;88.85;88.855;6
20180129 000522 0890000;88.845;88.845;88.855;1
20180129 000522 0890000;88.84;88.84;88.855;5
20180129 000522 0890000;88.84;88.84;88.855;6
20180129 000522 0890000;88.84;88.84;88.855;6
20180129 000522 0890000;88.84;88.84;88.855;2
20180129 000522 0890000;88.835;88.835;88.855;4
20180129 000522 0890000;88.84;88.835;88.84;1
20180129 000522 0890000;88.84;88.835;88.84;1
20180129 000600 9600000;88.86;88.855;88.86;1
20180129 000602 7690000;88.86;88.855;88.86;1
20180129 000612 4020000;88.865;88.86;88.865;1
20180129 000749 6130000;88.875;88.87;88.875;1
20180129 000757 8940000;88.88;88.875;88.88;1
20180129 000848 2960000;88.89;88.885;88.89;1
20180129 000919 3750000;88.88;88.88;88.885;1
20180129 000930 0150000;88.88;88.875;88.88;2
20180129 000930 0150000;88.88;88.875;88.88;1
20180129 000930 0150000;88.88;88.875;88.88;2
20180129 000946 3630000;88.88;88.88;88.885;1
20180129 001018 0890000;88.885;88.88;88.885;1
20180129 001156 6090000;88.89;88.885;88.89;2
20180129 001312 7180000;88.9;88.89;88.9;1
20180129 001312 8670000;88.9;88.9;88.905;1
20180129 001314 7180000;88.905;88.9;88.905;1
20180129 001523 5500000;88.9;88.9;88.905;1
20180129 001608 9170000;88.9;88.895;88.9;1
20180129 001622 6050000;88.9;88.9;88.905;1
20180129 001837 0000000;88.885;88.885;88.89;1
20180129 001837 0000000;88.885;88.885;88.89;1
20180129 001838 0230000;88.88;88.88;88.885;1
20180129 001838 0230000;88.88;88.88;88.885;1
20180129 001838 0230000;88.88;88.88;88.885;1
20180129 001838 0230000;88.88;88.88;88.885;2
20180129 001845 3430000;88.885;88.885;88.89;1
20180129 001846 3820000;88.885;88.88;88.885;1
20180129 001902 4060000;88.89;88.885;88.89;2
20180129 001928 3980000;88.88;88.88;88.885;3
20180129 001928 5740000;88.875;88.875;88.88;1
20180129 001935 0420000;88.87;88.87;88.875;1
20180129 002043 5890000;88.86;88.86;88.87;1
20180129 002225 0970000;88.875;88.875;88.88;1
20180129 002225 0970000;88.87;88.87;88.88;1
20180129 002302 7960000;88.87;88.87;88.88;1
20180129 002553 8240000;88.86;88.855;88.86;1
20180129 002626 9370000;88.855;88.855;88.865;1
20180129 002735 9140000;88.855;88.85;88.855;1
20180129 002747 5310000;88.855;88.85;88.855;1
20180129 002747 5310000;88.855;88.85;88.855;1
20180129 002747 5310000;88.855;88.855;88.86;2
20180129 002821 1560000;88.855;88.855;88.86;1
20180129 002826 2420000;88.855;88.85;88.855;1
20180129 003032 6600000;88.85;88.85;88.855;1
20180129 003032 6600000;88.85;88.85;88.855;1
20180129 003032 6600000;88.85;88.85;88.855;6
20180129 003049 5030000;88.85;88.845;88.85;1
20180129 003314 0070000;88.86;88.855;88.86;1
20180129 003521 0540000;88.88;88.88;88.885;1
20180129 003602 2890000;88.88;88.875;88.88;1
20180129 003618 4960000;88.885;88.885;88.895;1
20180129 003618 4960000;88.885;88.885;88.895;1
20180129 003618 4960000;88.885;88.885;88.895;2
20180129 003840 7890000;88.895;88.895;88.9;1
20180129 003853 7030000;88.885;88.885;88.895;1
20180129 004413 3940000;88.885;88.88;88.885;1
20180129 004450 2570000;88.88;88.88;88.885;1
20180129 004605 3350000;88.875;88.875;88.885;1
20180129 004605 3350000;88.875;88.875;88.885;17
20180129 004605 3350000;88.875;88.875;88.885;1
20180129 004605 3350000;88.875;88.875;88.885;1
20180129 004748 7690000;88.89;88.885;88.89;1
20180129 004748 7690000;88.89;88.885;88.89;1
20180129 004819 2920000;88.895;88.885;88.895;1
20180129 004819 2920000;88.895;88.885;88.895;1
20180129 004842 9410000;88.895;88.895;88.9;3
20180129 005059 7220000;88.895;88.89;88.895;1
20180129 005145 6910000;88.885;88.885;88.89;1
20180129 005248 7460000;88.905;88.905;88.91;1
20180129 005251 4290000;88.905;88.905;88.915;1
20180129 005259 7460000;88.91;88.905;88.91;1
20180129 005338 4490000;88.91;88.905;88.91;1
20180129 005439 0150000;88.915;88.905;88.915;1
20180129 005444 0700000;88.905;88.905;88.915;1
20180129 005459 9720000;88.905;88.9;88.905;1
20180129 005608 8750000;88.905;88.905;88.91;3
20180129 005608 8750000;88.905;88.905;88.91;1
20180129 005642 9370000;88.9;88.9;88.905;1
20180129 005852 9680000;88.91;88.9;88.91;1
20180129 010000 2460000;88.905;88.9;88.905;1
20180129 010002 5310000;88.905;88.9;88.905;1
20180129 010023 7100000;88.92;88.91;88.92;1
20180129 010023 7100000;88.92;88.91;88.92;1
20180129 010023 7100000;88.92;88.91;88.92;1
20180129 010023 7100000;88.92;88.91;88.92;1
20180129 010023 7100000;88.92;88.91;88.92;2
20180129 010023 7100000;88.92;88.91;88.92;2
20180129 010023 7570000;88.92;88.92;88.925;1
20180129 010026 7730000;88.92;88.915;88.92;1
20180129 010033 0970000;88.915;88.915;88.925;4
20180129 010056 2770000;88.925;88.925;88.935;1
20180129 010059 8710000;88.935;88.925;88.935;1
20180129 010108 2260000;88.93;88.93;88.935;1
20180129 010108 2260000;88.93;88.93;88.935;2
20180129 010108 3630000;88.93;88.93;88.935;2
20180129 010111 8630000;88.93;88.93;88.935;2
20180129 010111 8750000;88.93;88.93;88.935;3
20180129 010111 8750000;88.93;88.93;88.935;5
20180129 010112 0820000;88.93;88.925;88.93;2
20180129 010131 5930000;88.925;88.925;88.93;1
20180129 010132 7890000;88.925;88.92;88.925;2
20180129 010223 7690000;88.935;88.93;88.935;1
20180129 010223 7690000;88.935;88.93;88.935;2
20180129 010223 7810000;88.935;88.93;88.935;1
20180129 010226 6710000;88.94;88.935;88.94;1
20180129 010226 6710000;88.94;88.935;88.94;4
20180129 010226 6710000;88.94;88.935;88.94;1
20180129 010230 6360000;88.95;88.945;88.95;2
20180129 010230 6360000;88.95;88.945;88.95;2
20180129 010240 8000000;88.945;88.945;88.95;3
20180129 010247 7770000;88.94;88.94;88.945;1
20180129 010302 7030000;88.94;88.94;88.945;1
20180129 010316 0270000;88.945;88.945;88.95;1
20180129 010322 0230000;88.945;88.945;88.95;1
20180129 010323 3750000;88.945;88.945;88.95;1
20180129 010323 3750000;88.945;88.945;88.95;1
20180129 010407 7810000;88.945;88.945;88.95;1
20180129 010407 7810000;88.945;88.945;88.95;1
20180129 010408 3390000;88.945;88.94;88.945;1
20180129 010428 2420000;88.95;88.945;88.95;1
20180129 010442 1670000;88.95;88.945;88.95;5
20180129 010442 1670000;88.95;88.945;88.95;2
20180129 010442 1670000;88.95;88.945;88.95;2
20180129 010442 1670000;88.95;88.945;88.95;1
20180129 010442 1670000;88.95;88.945;88.95;1
20180129 010442 1670000;88.95;88.945;88.95;1
20180129 010442 1710000;88.95;88.945;88.95;1
20180129 010447 1600000;88.95;88.95;88.955;1
20180129 010447 8510000;88.95;88.95;88.955;2
20180129 010459 5820000;88.945;88.945;88.95;1
20180129 010459 5820000;88.945;88.945;88.95;2
20180129 010520 9210000;88.95;88.945;88.95;1
20180129 010529 6670000;88.95;88.95;88.955;1
20180129 010529 6670000;88.95;88.95;88.955;1
20180129 010538 8900000;88.945;88.945;88.95;1
20180129 010538 8900000;88.945;88.945;88.95;1
20180129 010557 2030000;88.95;88.945;88.95;1
20180129 010616 5460000;88.945;88.945;88.95;1
20180129 010616 5460000;88.945;88.945;88.95;1
20180129 010631 5850000;88.945;88.94;88.945;1
20180129 010639 0850000;88.94;88.94;88.945;1
20180129 010651 3670000;88.94;88.94;88.945;2
20180129 010651 3670000;88.94;88.94;88.945;1
20180129 010651 3670000;88.94;88.94;88.945;2
20180129 010651 3670000;88.94;88.94;88.945;2
20180129 010652 3430000;88.94;88.935;88.94;2
20180129 010728 1170000;88.935;88.935;88.94;1
20180129 010728 1170000;88.935;88.935;88.94;1
20180129 010728 1170000;88.935;88.935;88.94;1
20180129 010752 2920000;88.925;88.925;88.93;1
20180129 010756 5460000;88.925;88.925;88.93;2
20180129 010756 5460000;88.925;88.925;88.93;1
20180129 010756 5460000;88.925;88.925;88.93;2
20180129 010756 5460000;88.925;88.925;88.93;1
20180129 010756 5460000;88.925;88.925;88.93;2
20180129 010756 7690000;88.925;88.92;88.925;2
20180129 010808 9450000;88.92;88.92;88.925;1
20180129 010808 9450000;88.92;88.92;88.925;2
20180129 010814 4640000;88.92;88.915;88.92;2
20180129 010814 4640000;88.92;88.915;88.92;3
20180129 010814 4640000;88.92;88.915;88.92;1
20180129 010821 5780000;88.92;88.915;88.92;1
20180129 010844 6090000;88.92;88.92;88.925;1
20180129 010844 6090000;88.92;88.92;88.925;1
20180129 010844 6090000;88.92;88.92;88.925;1
20180129 010853 4680000;88.92;88.915;88.92;2
20180129 010853 7730000;88.92;88.915;88.92;2
20180129 010853 9530000;88.92;88.915;88.92;2
20180129 010858 9450000;88.92;88.915;88.92;2
20180129 010859 9600000;88.92;88.92;88.925;1
20180129 010910 6480000;88.915;88.91;88.915;1
20180129 010914 6320000;88.915;88.91;88.915;2
20180129 010925 4250000;88.92;88.92;88.925;1
20180129 010943 6090000;88.93;88.925;88.93;2
20180129 010956 2960000;88.92;88.92;88.925;1
20180129 011018 7100000;88.93;88.925;88.93;1
20180129 011029 8750000;88.93;88.93;88.935;2
20180129 011029 8750000;88.93;88.93;88.935;1
20180129 011044 3670000;88.93;88.93;88.935;1
20180129 011044 3670000;88.93;88.93;88.935;1
20180129 011044 3670000;88.93;88.93;88.935;2
20180129 011044 3670000;88.93;88.93;88.935;2
20180129 011044 3670000;88.93;88.93;88.935;1
20180129 011105 3160000;88.935;88.935;88.94;1
20180129 011121 3430000;88.93;88.93;88.935;1
20180129 011131 5460000;88.945;88.94;88.945;1
20180129 011140 9210000;88.95;88.945;88.95;1
20180129 011140 9210000;88.95;88.945;88.95;1
20180129 011156 3780000;88.96;88.955;88.96;2
20180129 011156 4530000;88.96;88.955;88.96;4
20180129 011156 4530000;88.96;88.955;88.96;2
20180129 011156 4530000;88.96;88.955;88.96;1
20180129 011208 2100000;88.96;88.955;88.96;1
20180129 011208 2650000;88.96;88.955;88.96;2
20180129 011209 4600000;88.96;88.955;88.96;2
20180129 011249 8040000;88.96;88.955;88.96;2
20180129 011251 5580000;88.96;88.955;88.96;3
20180129 011259 8120000;88.96;88.955;88.96;2
20180129 011300 1400000;88.96;88.955;88.96;2
20180129 011313 8590000;88.96;88.96;88.965;1
20180129 011321 9570000;88.97;88.97;88.975;1
20180129 011328 3780000;88.975;88.97;88.975;1
20180129 011333 3670000;88.98;88.975;88.98;2
20180129 011333 5970000;88.98;88.975;88.98;2
20180129 011333 8510000;88.98;88.975;88.98;2
20180129 011335 9570000;88.98;88.975;88.98;1
20180129 011338 1130000;88.98;88.975;88.98;1
20180129 011338 1130000;88.98;88.975;88.98;2
20180129 011338 1170000;88.98;88.975;88.98;2
20180129 011338 1170000;88.98;88.975;88.98;4
20180129 011338 1170000;88.98;88.975;88.98;1
20180129 011341 2340000;88.98;88.98;88.985;1
20180129 011356 4140000;88.99;88.985;88.99;2
20180129 011356 5700000;88.99;88.985;88.99;17
20180129 011356 6360000;88.99;88.985;88.99;2
20180129 011356 6440000;88.99;88.985;88.99;3
20180129 011356 6440000;88.99;88.985;88.99;1
20180129 011357 7570000;88.995;88.99;88.995;2
20180129 011357 7570000;88.995;88.99;88.995;2
20180129 011357 7570000;88.995;88.99;88.995;16
20180129 011359 7220000;89;88.995;89;1
20180129 011406 0700000;89.005;89.005;89.01;1
20180129 011408 5420000;89.01;89.005;89.01;1
20180129 011408 5420000;89.01;89.005;89.01;2
20180129 011408 5420000;89.01;89.005;89.01;1
20180129 011408 5420000;89.01;89.005;89.01;1
20180129 011408 5420000;89.01;89.005;89.01;1
20180129 011408 5420000;89.01;89.005;89.01;3
20180129 011408 6790000;89.015;89.01;89.015;2
20180129 011413 2460000;89;88.995;89;1
20180129 011414 3470000;89;88.995;89;1
20180129 011415 7500000;89.005;89.005;89.01;1
20180129 011415 8780000;89.01;89.005;89.01;1
20180129 011420 4760000;89.01;89.01;89.015;1
20180129 011421 2380000;89.015;89.01;89.015;1
20180129 011421 2380000;89.015;89.01;89.015;1
20180129 011422 2690000;89.01;89.01;89.015;2
20180129 011422 2730000;89.01;89.01;89.015;3
20180129 011424 3590000;89.015;89.015;89.02;1
20180129 011426 4920000;89.015;89.01;89.015;1
20180129 011428 0580000;89.02;89.015;89.02;1
20180129 011428 0580000;89.02;89.015;89.02;1
20180129 011428 0660000;89.025;89.02;89.025;1
20180129 011428 0660000;89.025;89.02;89.025;1
20180129 011428 2850000;89.025;89.02;89.025;2
20180129 011428 4800000;89.02;89.015;89.02;1
20180129 011434 5540000;89.015;89.01;89.015;1
20180129 011435 7460000;89.015;89.01;89.015;1
20180129 011436 1090000;89.02;89.015;89.02;1
20180129 011436 2100000;89.025;89.02;89.025;1
20180129 011443 5150000;89.02;89.015;89.02;2
20180129 011443 5150000;89.02;89.015;89.02;1
20180129 011444 0740000;89.02;89.015;89.02;2
20180129 011450 6170000;89.015;89.015;89.02;1
20180129 011455 2960000;89.015;89.01;89.015;1
20180129 011456 2340000;89.015;89.01;89.015;1
20180129 011456 2340000;89.015;89.01;89.015;2
20180129 011456 5970000;89.015;89.01;89.015;1
20180129 011500 9020000;89.015;89.015;89.02;1
20180129 011503 0310000;89.015;89.015;89.02;1
20180129 011504 9370000;89.015;89.01;89.015;1
20180129 011509 9680000;89.02;89.015;89.02;1
20180129 011510 2140000;89.015;89.015;89.02;1
20180129 011510 2140000;89.015;89.015;89.02;2
20180129 011516 4450000;89.015;89.01;89.015;2
20180129 011516 9250000;89.015;89.01;89.015;1
20180129 011522 2730000;89.015;89.01;89.015;2
20180129 011522 2730000;89.015;89.01;89.015;1
20180129 011522 9640000;89.015;89.015;89.02;3
20180129 011522 9720000;89.015;89.015;89.02;1
20180129 011539 9060000;89.015;89.01;89.015;2
20180129 011539 9060000;89.015;89.01;89.015;1
20180129 011540 1320000;89.015;89.01;89.015;2
20180129 011540 1320000;89.015;89.01;89.015;1
20180129 011540 9020000;89.01;89.01;89.015;1
20180129 011541 2030000;89.01;89.01;89.015;1
20180129 011547 1990000;89.015;89.01;89.015;1
20180129 011558 8710000;89.01;89.005;89.01;2
20180129 011558 8710000;89.01;89.005;89.01;1
20180129 011558 8710000;89.01;89.005;89.01;2
20180129 011611 3120000;89.005;89.005;89.01;1
20180129 011618 5930000;89;88.995;89;1
20180129 011625 9330000;89;89;89.005;1
20180129 011628 7530000;89.005;89;89.005;1
20180129 011630 8510000;89.005;89;89.005;2
20180129 011632 2890000;89.01;89.005;89.01;1
20180129 011632 2890000;89.01;89.005;89.01;1
20180129 011632 2890000;89.01;89.005;89.01;1
20180129 011633 6130000;89.01;89.01;89.015;1
20180129 011637 2340000;89.015;89.01;89.015;1
20180129 011637 2340000;89.015;89.01;89.015;2
20180129 011650 7380000;89.01;89.01;89.015;1
20180129 011659 1710000;89.01;89.005;89.01;1
20180129 011709 2300000;89.015;89.01;89.015;1
20180129 011715 5110000;89.015;89.015;89.02;1
20180129 011719 5000000;89.005;89.005;89.01;1
20180129 011728 8080000;89.02;89.015;89.02;1
20180129 011735 6050000;89.015;89.015;89.02;1
20180129 011754 1560000;89.02;89.02;89.025;1
20180129 011755 6520000;89.02;89.02;89.025;1
20180129 011807 8510000;89.025;89.02;89.025;2
20180129 011807 8510000;89.025;89.02;89.025;1
20180129 011807 8510000;89.025;89.02;89.025;1
20180129 011820 8200000;89.035;89.03;89.035;1
20180129 011820 8200000;89.04;89.035;89.04;1
20180129 011820 8200000;89.04;89.035;89.04;1
20180129 011822 0500000;89.04;89.03;89.04;1
20180129 011823 8350000;89.035;89.03;89.035;1
20180129 011823 8350000;89.035;89.03;89.035;2
20180129 011823 8350000;89.035;89.03;89.035;2
20180129 011825 6990000;89.035;89.03;89.035;2
20180129 011831 3350000;89.04;89.035;89.04;1
20180129 011842 8280000;89.045;89.04;89.045;2
20180129 011850 5780000;89.045;89.04;89.045;1
20180129 011851 7610000;89.045;89.04;89.045;1
20180129 011852 4840000;89.045;89.04;89.045;2
20180129 011852 4840000;89.045;89.04;89.045;1
20180129 011856 9680000;89.045;89.045;89.05;2
20180129 011859 5350000;89.045;89.04;89.045;2
20180129 011901 1130000;89.05;89.04;89.05;1
20180129 011901 1130000;89.05;89.04;89.05;1
20180129 011905 7500000;89.045;89.045;89.05;2
20180129 011905 7500000;89.045;89.045;89.05;1
20180129 011915 5390000;89.05;89.045;89.05;2
20180129 011915 5390000;89.05;89.045;89.05;3
20180129 011917 7420000;89.055;89.05;89.055;2
20180129 011917 7420000;89.055;89.05;89.055;3
20180129 011917 7420000;89.06;89.05;89.06;2
20180129 011917 8160000;89.055;89.055;89.06;1
20180129 011917 8200000;89.055;89.05;89.055;1
20180129 011917 8590000;89.055;89.05;89.055;2
20180129 011917 8590000;89.055;89.05;89.055;1
20180129 011917 8630000;89.06;89.055;89.06;1
20180129 011919 8470000;89.055;89.05;89.055;1
20180129 011921 1560000;89.05;89.05;89.055;1
20180129 011925 7850000;89.06;89.055;89.06;1
20180129 011928 6170000;89.06;89.05;89.06;2
20180129 011929 8780000;89.06;89.055;89.06;1
20180129 011930 3750000;89.06;89.055;89.06;3
20180129 011930 3750000;89.06;89.055;89.06;2
20180129 011930 3750000;89.06;89.055;89.06;2
20180129 011930 3750000;89.06;89.055;89.06;2
20180129 011930 3750000;89.06;89.06;89.065;1
20180129 011934 0350000;89.055;89.055;89.06;1
20180129 011934 6560000;89.06;89.055;89.06;1
20180129 011934 6560000;89.06;89.055;89.06;1
20180129 011935 6010000;89.06;89.055;89.06;1
20180129 011936 9410000;89.06;89.055;89.06;1
