20180125 134539 2890000;88.54;88.54;88.545;1
20180125 134539 6710000;88.545;88.54;88.545;1
20180125 134539 6710000;88.545;88.54;88.545;1
20180125 134539 6710000;88.545;88.54;88.545;1
20180125 134539 6710000;88.545;88.54;88.545;3
20180125 134539 6710000;88.545;88.54;88.545;2
20180125 134539 6710000;88.545;88.54;88.545;1
20180125 134539 6710000;88.55;88.54;88.55;1
20180125 134539 6710000;88.55;88.54;88.55;2
20180125 134539 6710000;88.55;88.54;88.55;1
20180125 134539 6710000;88.55;88.54;88.55;1
20180125 134539 6710000;88.55;88.54;88.55;1
20180125 134539 6710000;88.55;88.54;88.55;5
20180125 134539 6710000;88.55;88.55;88.555;1
20180125 134539 6710000;88.55;88.55;88.555;3
20180125 134539 6710000;88.55;88.55;88.555;1
20180125 134539 6710000;88.55;88.55;88.555;1
20180125 134539 6710000;88.55;88.545;88.55;1
20180125 134539 7460000;88.55;88.55;88.555;1
20180125 134539 7460000;88.55;88.55;88.555;1
20180125 134539 7460000;88.55;88.55;88.555;1
20180125 134539 7610000;88.55;88.545;88.55;1
20180125 134539 7610000;88.55;88.545;88.55;1
20180125 134539 7610000;88.55;88.545;88.55;9
20180125 134539 7610000;88.55;88.545;88.55;1
20180125 134539 7610000;88.55;88.545;88.55;1
20180125 134539 7610000;88.55;88.545;88.55;1
20180125 134539 7610000;88.55;88.545;88.55;3
20180125 134539 7610000;88.55;88.545;88.55;1
20180125 134539 7610000;88.55;88.545;88.55;3
20180125 134539 7610000;88.55;88.545;88.55;1
20180125 134539 7650000;88.55;88.55;88.555;3
20180125 134539 8430000;88.545;88.545;88.55;1
20180125 134540 9640000;88.54;88.535;88.54;1
20180125 134540 9640000;88.54;88.54;88.545;1
20180125 134541 0000000;88.535;88.535;88.54;1
20180125 134541 0000000;88.535;88.535;88.54;1
20180125 134541 0000000;88.535;88.535;88.54;1
20180125 134541 0070000;88.535;88.53;88.535;1
20180125 134541 0070000;88.535;88.53;88.535;1
20180125 134541 0620000;88.535;88.535;88.54;1
20180125 134541 1990000;88.53;88.53;88.535;1
20180125 134541 1990000;88.53;88.53;88.535;1
20180125 134541 1990000;88.53;88.53;88.535;1
20180125 134541 1990000;88.53;88.53;88.535;1
20180125 134541 1990000;88.53;88.53;88.535;1
20180125 134541 3820000;88.535;88.525;88.535;1
20180125 134541 3820000;88.535;88.525;88.535;1
20180125 134541 3820000;88.535;88.525;88.535;1
20180125 134541 3820000;88.535;88.525;88.535;3
20180125 134541 3820000;88.54;88.525;88.54;1
20180125 134541 3820000;88.54;88.525;88.54;1
20180125 134541 3820000;88.54;88.525;88.54;1
20180125 134541 3820000;88.54;88.525;88.54;1
20180125 134541 3940000;88.53;88.53;88.535;1
20180125 134542 1520000;88.53;88.53;88.535;1
20180125 134542 3200000;88.535;88.525;88.535;1
20180125 134542 4490000;88.535;88.535;88.54;1
20180125 134542 4490000;88.535;88.535;88.54;1
20180125 134542 4800000;88.535;88.535;88.54;1
20180125 134542 4800000;88.535;88.535;88.54;1
20180125 134542 4800000;88.535;88.535;88.54;1
20180125 134542 4920000;88.535;88.53;88.535;1
20180125 134542 6170000;88.535;88.53;88.535;1
20180125 134544 1440000;88.535;88.535;88.54;1
20180125 134544 4450000;88.53;88.53;88.535;1
20180125 134544 4450000;88.53;88.53;88.535;1
20180125 134544 4450000;88.53;88.53;88.535;1
20180125 134544 9250000;88.53;88.53;88.535;1
20180125 134545 1360000;88.525;88.525;88.53;1
20180125 134545 1360000;88.525;88.525;88.53;1
20180125 134545 1360000;88.525;88.52;88.525;1
20180125 134545 1360000;88.52;88.52;88.525;1
20180125 134545 1360000;88.52;88.52;88.525;1
20180125 134545 1360000;88.52;88.52;88.525;2
20180125 134545 1360000;88.52;88.52;88.525;1
20180125 134545 1360000;88.52;88.52;88.525;1
20180125 134545 1360000;88.52;88.52;88.525;1
20180125 134545 1600000;88.52;88.52;88.525;1
20180125 134546 0150000;88.525;88.525;88.53;1
20180125 134546 0150000;88.525;88.525;88.53;1
20180125 134546 2340000;88.525;88.52;88.525;1
20180125 134546 3000000;88.525;88.52;88.525;1
20180125 134546 3000000;88.525;88.52;88.525;1
20180125 134546 3200000;88.52;88.52;88.525;5
20180125 134546 3200000;88.52;88.52;88.525;1
20180125 134546 3200000;88.52;88.52;88.525;1
20180125 134546 3390000;88.515;88.51;88.515;1
20180125 134546 3430000;88.515;88.51;88.515;1
20180125 134546 3430000;88.515;88.51;88.515;1
20180125 134546 6210000;88.515;88.515;88.52;7
20180125 134546 7260000;88.515;88.51;88.515;1
20180125 134546 7260000;88.515;88.51;88.515;5
20180125 134546 7260000;88.515;88.51;88.515;1
20180125 134547 0230000;88.515;88.51;88.515;1
20180125 134547 0230000;88.515;88.51;88.515;2
20180125 134547 0230000;88.515;88.51;88.515;2
20180125 134547 1250000;88.515;88.51;88.515;3
20180125 134547 1250000;88.515;88.51;88.515;1
20180125 134547 1250000;88.515;88.51;88.515;1
20180125 134547 3550000;88.515;88.51;88.515;1
20180125 134547 3550000;88.515;88.51;88.515;5
20180125 134547 7770000;88.515;88.515;88.52;1
20180125 134547 7770000;88.515;88.515;88.52;1
20180125 134547 7770000;88.515;88.515;88.52;1
20180125 134547 9100000;88.515;88.51;88.515;1
20180125 134548 0660000;88.52;88.515;88.52;1
20180125 134548 0660000;88.52;88.515;88.52;5
20180125 134548 0660000;88.52;88.515;88.52;1
20180125 134548 0660000;88.52;88.515;88.52;2
20180125 134548 3240000;88.515;88.515;88.52;1
20180125 134548 4370000;88.52;88.51;88.52;1
20180125 134548 8900000;88.51;88.51;88.515;1
20180125 134548 8900000;88.51;88.51;88.515;1
20180125 134548 8900000;88.51;88.51;88.515;1
20180125 134548 8900000;88.51;88.51;88.515;1
20180125 134548 8900000;88.51;88.51;88.515;1
20180125 134548 8900000;88.51;88.51;88.515;1
20180125 134548 8900000;88.51;88.51;88.515;2
20180125 134548 8900000;88.51;88.51;88.515;1
20180125 134548 8940000;88.51;88.505;88.51;1
20180125 134548 8940000;88.51;88.505;88.51;1
20180125 134549 3510000;88.51;88.51;88.515;1
20180125 134549 4020000;88.505;88.505;88.51;1
20180125 134549 4020000;88.505;88.505;88.51;1
20180125 134549 4020000;88.505;88.505;88.51;1
20180125 134549 4140000;88.51;88.505;88.51;1
20180125 134549 4140000;88.51;88.505;88.51;3
20180125 134549 4210000;88.51;88.505;88.51;1
20180125 134550 0500000;88.51;88.51;88.515;1
20180125 134550 6750000;88.515;88.51;88.515;1
20180125 134550 6750000;88.515;88.51;88.515;1
20180125 134550 6990000;88.515;88.515;88.52;1
20180125 134550 8900000;88.515;88.51;88.515;1
20180125 134552 5500000;88.52;88.52;88.525;1
20180125 134552 5500000;88.52;88.52;88.525;1
20180125 134552 5580000;88.515;88.515;88.52;1
20180125 134552 5580000;88.515;88.515;88.52;1
20180125 134552 5700000;88.51;88.51;88.515;1
20180125 134552 5700000;88.51;88.51;88.515;1
20180125 134552 5700000;88.51;88.505;88.51;1
20180125 134552 5700000;88.51;88.505;88.51;1
20180125 134552 5850000;88.51;88.505;88.51;1
20180125 134552 5970000;88.51;88.505;88.51;2
20180125 134552 5970000;88.51;88.505;88.51;1
20180125 134552 6010000;88.51;88.51;88.515;1
20180125 134552 6010000;88.51;88.505;88.51;2
20180125 134552 6050000;88.51;88.51;88.515;1
20180125 134552 6090000;88.51;88.505;88.51;2
20180125 134552 6950000;88.515;88.51;88.515;1
20180125 134552 6950000;88.515;88.515;88.52;1
20180125 134552 6950000;88.515;88.515;88.52;2
20180125 134552 6950000;88.515;88.515;88.52;1
20180125 134552 7070000;88.515;88.51;88.515;1
20180125 134552 7070000;88.51;88.51;88.515;1
20180125 134552 7070000;88.51;88.51;88.515;1
20180125 134552 8040000;88.515;88.51;88.515;1
20180125 134552 8040000;88.515;88.51;88.515;1
20180125 134552 8040000;88.515;88.51;88.515;1
20180125 134553 1520000;88.52;88.515;88.52;1
20180125 134553 1750000;88.525;88.52;88.525;1
20180125 134553 2500000;88.525;88.52;88.525;2
20180125 134553 2500000;88.525;88.52;88.525;1
20180125 134553 2500000;88.525;88.52;88.525;1
20180125 134553 2500000;88.525;88.52;88.525;3
20180125 134553 3320000;88.525;88.525;88.53;1
20180125 134553 3320000;88.52;88.52;88.525;1
20180125 134553 3320000;88.52;88.52;88.525;1
20180125 134553 3320000;88.52;88.52;88.525;1
20180125 134553 3320000;88.52;88.52;88.525;3
20180125 134553 3320000;88.52;88.515;88.52;1
20180125 134553 3320000;88.52;88.515;88.52;1
20180125 134553 3430000;88.52;88.515;88.52;7
20180125 134553 3510000;88.52;88.52;88.525;1
20180125 134553 3510000;88.52;88.515;88.52;1
20180125 134553 3510000;88.52;88.515;88.52;1
20180125 134553 3510000;88.515;88.515;88.52;1
20180125 134553 3510000;88.515;88.515;88.52;1
20180125 134553 3510000;88.515;88.515;88.52;2
20180125 134553 3670000;88.515;88.51;88.515;2
20180125 134553 3670000;88.515;88.51;88.515;1
20180125 134553 3670000;88.515;88.515;88.52;1
20180125 134553 3670000;88.515;88.51;88.515;1
20180125 134553 3710000;88.515;88.515;88.52;1
20180125 134553 4250000;88.515;88.51;88.515;1
20180125 134553 4250000;88.515;88.51;88.515;1
20180125 134553 4250000;88.515;88.51;88.515;2
20180125 134553 6640000;88.515;88.515;88.52;1
20180125 134553 6640000;88.515;88.515;88.52;1
20180125 134553 6790000;88.515;88.51;88.515;2
20180125 134553 8670000;88.515;88.51;88.515;1
20180125 134554 5580000;88.52;88.52;88.525;1
20180125 134554 6990000;88.525;88.52;88.525;1
20180125 134556 3550000;88.525;88.52;88.525;1
20180125 134556 3550000;88.525;88.52;88.525;1
20180125 134556 3550000;88.525;88.52;88.525;1
20180125 134556 3550000;88.525;88.52;88.525;1
20180125 134556 3550000;88.525;88.52;88.525;1
20180125 134556 5270000;88.515;88.515;88.52;1
20180125 134556 5660000;88.515;88.51;88.515;1
20180125 134556 5660000;88.515;88.51;88.515;1
20180125 134556 5660000;88.515;88.515;88.52;1
20180125 134559 9640000;88.525;88.52;88.525;1
20180125 134600 1210000;88.525;88.525;88.53;1
20180125 134600 1210000;88.525;88.525;88.53;1
20180125 134600 4600000;88.525;88.52;88.525;1
20180125 134601 2300000;88.535;88.53;88.535;1
20180125 134601 2300000;88.535;88.53;88.535;1
20180125 134601 2300000;88.535;88.53;88.535;1
20180125 134601 2300000;88.535;88.53;88.535;1
20180125 134601 2300000;88.535;88.535;88.54;1
20180125 134601 2300000;88.535;88.535;88.54;1
20180125 134601 2300000;88.535;88.53;88.535;1
20180125 134601 6870000;88.53;88.53;88.535;1
20180125 134601 7650000;88.53;88.53;88.535;1
20180125 134602 0000000;88.53;88.525;88.53;1
20180125 134603 4100000;88.535;88.535;88.54;1
20180125 134603 4100000;88.535;88.535;88.54;1
20180125 134603 4100000;88.535;88.535;88.54;1
20180125 134603 4140000;88.535;88.535;88.54;1
20180125 134603 4140000;88.535;88.535;88.54;1
20180125 134603 4640000;88.535;88.535;88.54;1
20180125 134603 4640000;88.535;88.535;88.54;1
20180125 134603 4720000;88.535;88.535;88.54;1
20180125 134603 4760000;88.535;88.535;88.54;1
20180125 134603 4760000;88.535;88.535;88.54;1
20180125 134604 1710000;88.53;88.53;88.535;1
20180125 134604 1710000;88.53;88.53;88.535;1
20180125 134604 3320000;88.525;88.525;88.53;1
20180125 134604 7610000;88.52;88.515;88.52;1
20180125 134605 0390000;88.52;88.52;88.525;1
20180125 134605 0390000;88.52;88.52;88.525;4
20180125 134605 5780000;88.52;88.515;88.52;1
20180125 134608 5850000;88.53;88.525;88.53;1
20180125 134609 4450000;88.535;88.53;88.535;1
20180125 134609 4450000;88.535;88.53;88.535;1
20180125 134609 4450000;88.535;88.53;88.535;1
20180125 134609 4450000;88.535;88.53;88.535;1
20180125 134609 4450000;88.535;88.53;88.535;1
20180125 134609 4720000;88.535;88.53;88.535;1
20180125 134609 5070000;88.535;88.535;88.54;1
20180125 134609 9140000;88.535;88.535;88.54;1
20180125 134609 9210000;88.535;88.53;88.535;1
20180125 134609 9250000;88.535;88.535;88.54;1
20180125 134610 2260000;88.535;88.53;88.535;1
20180125 134610 9490000;88.535;88.535;88.54;1
20180125 134612 4330000;88.54;88.535;88.54;1
20180125 134612 4570000;88.54;88.535;88.54;1
20180125 134613 2690000;88.54;88.535;88.54;1
20180125 134613 7650000;88.535;88.535;88.545;1
20180125 134613 7960000;88.535;88.535;88.54;1
20180125 134615 1250000;88.535;88.535;88.54;1
20180125 134615 1250000;88.535;88.535;88.54;1
20180125 134615 3550000;88.535;88.53;88.535;1
20180125 134615 5190000;88.54;88.535;88.54;1
20180125 134616 3080000;88.54;88.535;88.54;1
20180125 134616 7570000;88.54;88.535;88.54;1
20180125 134618 3120000;88.535;88.535;88.54;1
20180125 134618 3120000;88.535;88.535;88.54;1
20180125 134618 3120000;88.535;88.53;88.535;1
20180125 134619 1250000;88.53;88.53;88.535;1
20180125 134619 1670000;88.53;88.53;88.535;2
20180125 134619 1670000;88.53;88.53;88.535;1
20180125 134622 8670000;88.53;88.525;88.53;1
20180125 134623 3550000;88.525;88.525;88.53;1
20180125 134623 3550000;88.525;88.525;88.53;1
20180125 134623 3780000;88.525;88.525;88.53;1
20180125 134623 3860000;88.525;88.525;88.53;1
20180125 134623 4140000;88.525;88.52;88.525;1
20180125 134623 6280000;88.525;88.52;88.525;1
20180125 134624 1670000;88.52;88.52;88.525;1
20180125 134624 1670000;88.52;88.52;88.525;1
20180125 134625 1830000;88.52;88.515;88.52;1
20180125 134625 2810000;88.52;88.515;88.52;1
20180125 134626 2030000;88.515;88.515;88.52;1
20180125 134626 2610000;88.51;88.51;88.515;1
20180125 134626 2610000;88.51;88.51;88.515;1
20180125 134626 9210000;88.51;88.51;88.515;1
20180125 134628 2770000;88.51;88.51;88.52;1
20180125 134628 5190000;88.52;88.515;88.52;1
20180125 134628 7070000;88.515;88.515;88.52;1
20180125 134629 5110000;88.51;88.51;88.515;1
20180125 134629 7140000;88.51;88.51;88.515;1
20180125 134630 0230000;88.505;88.505;88.51;1
20180125 134630 0350000;88.505;88.5;88.505;1
20180125 134630 0350000;88.505;88.5;88.505;1
20180125 134630 0780000;88.505;88.5;88.505;3
20180125 134630 0780000;88.505;88.5;88.505;3
20180125 134630 0780000;88.505;88.5;88.505;1
20180125 134630 1990000;88.505;88.505;88.51;1
20180125 134630 2030000;88.505;88.5;88.505;1
20180125 134630 5350000;88.505;88.505;88.51;1
20180125 134630 9250000;88.505;88.5;88.505;1
20180125 134631 5070000;88.505;88.5;88.505;1
20180125 134631 5460000;88.505;88.505;88.51;1
20180125 134631 6280000;88.505;88.5;88.505;3
20180125 134631 9640000;88.505;88.5;88.505;3
20180125 134631 9640000;88.505;88.5;88.505;1
20180125 134631 9640000;88.505;88.5;88.505;6
20180125 134631 9640000;88.51;88.5;88.51;1
20180125 134631 9640000;88.51;88.5;88.51;1
20180125 134631 9640000;88.51;88.5;88.51;6
20180125 134631 9640000;88.51;88.505;88.51;4
20180125 134631 9640000;88.51;88.505;88.51;1
20180125 134631 9640000;88.51;88.505;88.51;5
20180125 134631 9640000;88.51;88.505;88.51;3
20180125 134631 9640000;88.51;88.505;88.51;2
20180125 134631 9640000;88.51;88.505;88.51;9
20180125 134631 9640000;88.51;88.51;88.515;1
20180125 134631 9640000;88.51;88.51;88.515;1
20180125 134632 0310000;88.505;88.505;88.51;1
20180125 134632 0310000;88.505;88.505;88.51;1
20180125 134632 0310000;88.505;88.505;88.51;2
20180125 134632 0350000;88.505;88.5;88.505;1
20180125 134632 0350000;88.505;88.5;88.505;3
20180125 134632 0350000;88.505;88.5;88.505;8
20180125 134632 0350000;88.505;88.5;88.505;4
20180125 134632 0350000;88.505;88.5;88.505;3
20180125 134632 0350000;88.505;88.5;88.505;1
20180125 134632 0350000;88.505;88.5;88.505;2
20180125 134632 0350000;88.505;88.5;88.505;10
20180125 134632 0390000;88.505;88.5;88.505;1
20180125 134632 0420000;88.505;88.5;88.505;1
20180125 134632 0420000;88.505;88.5;88.505;1
20180125 134632 0420000;88.505;88.505;88.51;1
20180125 134632 0420000;88.505;88.505;88.51;9
20180125 134632 0420000;88.505;88.5;88.505;1
20180125 134632 0460000;88.505;88.5;88.505;2
20180125 134632 0460000;88.505;88.5;88.505;1
20180125 134632 0500000;88.505;88.505;88.51;2
20180125 134632 0500000;88.505;88.505;88.51;1
20180125 134632 0500000;88.505;88.5;88.505;1
20180125 134632 0500000;88.505;88.5;88.505;1
20180125 134632 0580000;88.505;88.505;88.51;1
20180125 134632 0580000;88.505;88.505;88.51;1
20180125 134632 0620000;88.505;88.5;88.505;1
20180125 134632 0780000;88.505;88.5;88.505;1
20180125 134632 0780000;88.505;88.505;88.51;1
20180125 134632 2890000;88.505;88.505;88.51;1
20180125 134632 2890000;88.505;88.505;88.51;2
20180125 134632 3470000;88.505;88.5;88.505;1
20180125 134632 3470000;88.505;88.5;88.505;1
20180125 134632 3590000;88.505;88.5;88.505;1
20180125 134632 3670000;88.505;88.5;88.505;2
20180125 134632 3670000;88.505;88.5;88.505;1
20180125 134632 3670000;88.505;88.5;88.505;2
20180125 134632 3750000;88.505;88.5;88.505;2
20180125 134632 7650000;88.505;88.5;88.505;1
20180125 134632 7650000;88.505;88.5;88.505;6
20180125 134632 8000000;88.505;88.5;88.505;1
20180125 134632 8000000;88.505;88.5;88.505;3
20180125 134633 5500000;88.505;88.505;88.51;3
20180125 134633 5500000;88.505;88.505;88.51;1
20180125 134633 5500000;88.505;88.5;88.505;1
20180125 134633 5500000;88.505;88.5;88.505;1
20180125 134633 8350000;88.51;88.505;88.51;1
20180125 134634 7180000;88.505;88.505;88.51;1
20180125 134636 4170000;88.505;88.505;88.51;2
20180125 134636 4170000;88.505;88.5;88.505;8
20180125 134636 4170000;88.505;88.5;88.505;1
20180125 134636 6280000;88.51;88.505;88.51;1
20180125 134638 0580000;88.51;88.51;88.515;1
20180125 134639 0890000;88.515;88.51;88.515;1
20180125 134639 1560000;88.515;88.515;88.52;2
20180125 134639 1560000;88.515;88.515;88.52;1
20180125 134639 1560000;88.515;88.515;88.52;1
20180125 134639 8350000;88.51;88.505;88.51;1
20180125 134639 8350000;88.51;88.505;88.51;1
20180125 134640 8710000;88.515;88.51;88.515;1
20180125 134641 2030000;88.51;88.51;88.515;1
20180125 134641 3280000;88.515;88.51;88.515;1
20180125 134642 5110000;88.51;88.51;88.515;1
20180125 134642 5110000;88.51;88.51;88.515;1
20180125 134646 0070000;88.505;88.5;88.505;1
20180125 134646 3000000;88.505;88.505;88.51;1
20180125 134647 6710000;88.51;88.51;88.515;1
20180125 134647 7890000;88.515;88.505;88.515;2
20180125 134647 7890000;88.515;88.505;88.515;1
20180125 134647 7890000;88.515;88.505;88.515;1
20180125 134647 7890000;88.515;88.505;88.515;1
20180125 134647 7890000;88.515;88.505;88.515;3
20180125 134647 7890000;88.515;88.505;88.515;2
20180125 134649 2650000;88.515;88.51;88.515;1
20180125 134649 7100000;88.515;88.51;88.515;1
20180125 134651 6250000;88.52;88.52;88.525;1
20180125 134653 9210000;88.525;88.525;88.53;1
20180125 134655 9370000;88.525;88.52;88.525;1
20180125 134657 9330000;88.52;88.52;88.525;1
20180125 134657 9330000;88.52;88.52;88.525;2
20180125 134658 4640000;88.515;88.515;88.52;1
20180125 134658 5620000;88.515;88.51;88.515;1
20180125 134659 5390000;88.51;88.51;88.515;1
20180125 134659 6050000;88.51;88.505;88.51;1
20180125 134659 6670000;88.51;88.51;88.515;1
20180125 134659 6670000;88.51;88.51;88.515;1
20180125 134659 8550000;88.51;88.505;88.51;1
20180125 134700 0270000;88.51;88.51;88.515;1
20180125 134700 0270000;88.51;88.51;88.515;1
20180125 134701 0580000;88.515;88.51;88.515;1
20180125 134701 0580000;88.515;88.51;88.515;3
20180125 134701 0580000;88.515;88.51;88.515;1
20180125 134701 0580000;88.515;88.51;88.515;1
20180125 134701 0620000;88.51;88.51;88.515;1
20180125 134703 4210000;88.505;88.5;88.505;1
20180125 134705 0070000;88.505;88.505;88.51;1
20180125 134705 6640000;88.505;88.505;88.51;1
20180125 134705 7730000;88.505;88.5;88.505;1
20180125 134705 7730000;88.505;88.5;88.505;2
20180125 134705 7770000;88.505;88.5;88.505;1
20180125 134706 0970000;88.5;88.5;88.505;1
20180125 134706 0970000;88.5;88.5;88.505;1
20180125 134706 0970000;88.5;88.5;88.505;1
20180125 134706 0970000;88.5;88.5;88.505;1
20180125 134706 1170000;88.5;88.5;88.505;1
20180125 134706 1170000;88.5;88.5;88.505;1
20180125 134706 1170000;88.5;88.5;88.505;1
20180125 134706 1170000;88.5;88.5;88.505;1
20180125 134706 1170000;88.5;88.5;88.505;1
20180125 134706 1170000;88.5;88.5;88.505;2
20180125 134706 1280000;88.5;88.5;88.505;10
20180125 134706 1400000;88.505;88.5;88.505;1
20180125 134706 1400000;88.505;88.5;88.505;3
20180125 134706 1400000;88.505;88.5;88.505;1
20180125 134706 1400000;88.505;88.5;88.505;1
20180125 134706 1400000;88.505;88.5;88.505;1
20180125 134706 1400000;88.505;88.505;88.51;4
20180125 134706 1400000;88.505;88.505;88.51;4
20180125 134706 1400000;88.505;88.505;88.51;9
20180125 134706 1400000;88.505;88.505;88.51;20
20180125 134706 1400000;88.505;88.505;88.51;3
20180125 134706 1440000;88.505;88.505;88.51;3
20180125 134706 1440000;88.505;88.505;88.51;3
20180125 134706 3320000;88.505;88.505;88.51;1
20180125 134707 0310000;88.505;88.505;88.51;5
20180125 134707 0310000;88.505;88.505;88.51;1
20180125 134707 0310000;88.505;88.505;88.51;2
20180125 134707 1280000;88.505;88.505;88.51;1
20180125 134707 1400000;88.505;88.505;88.51;6
20180125 134707 1400000;88.505;88.505;88.51;2
20180125 134707 1400000;88.505;88.505;88.51;3
20180125 134707 1400000;88.505;88.505;88.51;5
20180125 134707 1400000;88.505;88.505;88.51;1
20180125 134707 7460000;88.5;88.5;88.505;2
20180125 134707 7460000;88.5;88.5;88.505;2
20180125 134707 7610000;88.5;88.5;88.505;1
20180125 134707 7610000;88.5;88.5;88.505;1
20180125 134707 7610000;88.5;88.5;88.505;1
20180125 134707 7610000;88.5;88.5;88.505;3
20180125 134707 7610000;88.5;88.5;88.505;1
20180125 134707 7610000;88.5;88.5;88.505;1
20180125 134707 7650000;88.495;88.495;88.5;1
20180125 134707 7650000;88.495;88.495;88.5;1
20180125 134707 7650000;88.495;88.495;88.5;1
20180125 134707 7920000;88.5;88.495;88.5;1
20180125 134707 7920000;88.5;88.495;88.5;3
20180125 134708 0890000;88.5;88.5;88.505;2
20180125 134708 8200000;88.505;88.5;88.505;1
20180125 134709 9060000;88.51;88.505;88.51;1
20180125 134710 7610000;88.51;88.505;88.51;1
20180125 134710 7610000;88.51;88.505;88.51;1
20180125 134711 6670000;88.51;88.51;88.515;1
20180125 134711 6670000;88.51;88.51;88.515;1
20180125 134712 1990000;88.51;88.505;88.51;1
20180125 134712 1990000;88.51;88.505;88.51;1
20180125 134712 1990000;88.51;88.51;88.515;2
20180125 134712 9600000;88.51;88.51;88.515;2
20180125 134712 9600000;88.51;88.51;88.515;1
20180125 134713 0890000;88.51;88.505;88.51;1
20180125 134713 2530000;88.51;88.51;88.515;1
20180125 134714 8820000;88.515;88.515;88.52;1
20180125 134716 0620000;88.52;88.52;88.525;1
20180125 134716 6400000;88.515;88.515;88.525;1
20180125 134723 6440000;88.515;88.51;88.515;1
20180125 134724 8320000;88.515;88.51;88.515;1
20180125 134724 8630000;88.515;88.51;88.515;1
20180125 134725 1320000;88.515;88.515;88.52;1
20180125 134725 1320000;88.515;88.515;88.52;1
20180125 134725 8200000;88.515;88.51;88.515;1
20180125 134726 8860000;88.51;88.51;88.515;8
20180125 134726 8860000;88.51;88.51;88.515;2
20180125 134726 8860000;88.51;88.51;88.515;3
20180125 134726 8860000;88.51;88.51;88.515;4
20180125 134726 8900000;88.51;88.51;88.515;1
20180125 134727 6520000;88.51;88.505;88.51;1
20180125 134728 2100000;88.51;88.505;88.51;1
20180125 134731 3430000;88.52;88.515;88.52;1
20180125 134731 3430000;88.52;88.515;88.52;1
20180125 134731 3430000;88.52;88.515;88.52;3
20180125 134731 3430000;88.52;88.515;88.52;1
20180125 134731 3430000;88.52;88.515;88.52;2
20180125 134731 3430000;88.52;88.515;88.52;1
20180125 134731 3550000;88.525;88.52;88.525;1
20180125 134733 2770000;88.53;88.525;88.53;1
20180125 134733 2770000;88.53;88.525;88.53;1
20180125 134735 8430000;88.525;88.525;88.53;1
20180125 134737 3040000;88.525;88.525;88.53;1
20180125 134737 3430000;88.525;88.52;88.525;1
20180125 134737 3430000;88.525;88.52;88.525;3
20180125 134737 6990000;88.53;88.53;88.535;1
20180125 134737 9640000;88.53;88.53;88.535;1
20180125 134738 0150000;88.53;88.53;88.535;1
20180125 134739 5850000;88.525;88.515;88.525;1
20180125 134742 0350000;88.525;88.52;88.525;1
20180125 134743 2500000;88.535;88.53;88.535;1
20180125 134743 2500000;88.535;88.53;88.535;1
20180125 134743 2920000;88.535;88.535;88.54;1
20180125 134743 6990000;88.54;88.535;88.54;1
20180125 134743 6990000;88.54;88.535;88.54;1
20180125 134744 0540000;88.54;88.54;88.545;1
20180125 134745 8350000;88.53;88.53;88.535;1
20180125 134746 6670000;88.54;88.54;88.545;1
20180125 134749 6210000;88.545;88.54;88.545;2
20180125 134751 1320000;88.55;88.545;88.55;1
20180125 134751 1320000;88.55;88.545;88.55;1
20180125 134751 8280000;88.555;88.55;88.555;1
20180125 134753 3040000;88.555;88.555;88.56;1
20180125 134755 8240000;88.55;88.545;88.55;1
20180125 134758 6710000;88.555;88.55;88.555;1
20180125 134758 6710000;88.555;88.55;88.555;1
20180125 134758 7460000;88.55;88.55;88.56;1
20180125 134758 7460000;88.55;88.55;88.56;1
20180125 134758 7460000;88.55;88.55;88.56;1
20180125 134759 1750000;88.555;88.555;88.56;1
20180125 134759 1830000;88.555;88.55;88.555;1
20180125 134759 1870000;88.555;88.555;88.56;2
20180125 134759 1870000;88.555;88.555;88.56;1
20180125 134801 0500000;88.555;88.55;88.555;2
20180125 134801 0500000;88.555;88.55;88.555;1
20180125 134801 0500000;88.555;88.55;88.555;1
20180125 134802 9570000;88.55;88.55;88.56;1
20180125 134802 9570000;88.55;88.55;88.56;1
20180125 134802 9570000;88.55;88.55;88.56;1
20180125 134802 9570000;88.55;88.55;88.56;1
20180125 134802 9570000;88.55;88.55;88.56;3
20180125 134802 9600000;88.545;88.545;88.55;1
20180125 134802 9600000;88.545;88.545;88.55;2
20180125 134802 9600000;88.545;88.545;88.55;3
20180125 134803 0190000;88.545;88.545;88.55;2
20180125 134803 0190000;88.545;88.545;88.55;1
20180125 134803 0190000;88.545;88.545;88.55;1
20180125 134803 0270000;88.545;88.54;88.545;3
20180125 134803 0270000;88.545;88.54;88.545;1
20180125 134803 0270000;88.545;88.54;88.545;1
20180125 134803 0270000;88.545;88.54;88.545;1
20180125 134803 0270000;88.545;88.545;88.55;1
20180125 134803 8040000;88.545;88.535;88.545;1
20180125 134807 6790000;88.55;88.54;88.55;1
20180125 134808 4530000;88.55;88.545;88.55;1
20180125 134808 8900000;88.55;88.545;88.55;1
20180125 134811 1830000;88.55;88.545;88.55;1
20180125 134811 1830000;88.55;88.545;88.55;1
20180125 134812 7610000;88.55;88.55;88.555;1
20180125 134814 7100000;88.54;88.54;88.545;1
20180125 134816 1320000;88.54;88.535;88.54;1
20180125 134819 0500000;88.55;88.545;88.55;1
20180125 134822 3900000;88.545;88.54;88.545;1
20180125 134822 5350000;88.545;88.54;88.545;3
20180125 134825 1250000;88.545;88.545;88.55;1
20180125 134826 6560000;88.545;88.54;88.545;1
20180125 134827 4880000;88.55;88.545;88.55;1
20180125 134827 4880000;88.55;88.545;88.55;1
20180125 134827 4880000;88.55;88.545;88.55;1
20180125 134827 4880000;88.55;88.545;88.55;3
20180125 134828 6360000;88.545;88.545;88.55;1
20180125 134828 6360000;88.545;88.54;88.545;1
20180125 134830 6010000;88.545;88.54;88.545;2
20180125 134830 6010000;88.545;88.54;88.545;1
20180125 134834 3080000;88.55;88.55;88.555;1
20180125 134834 3080000;88.55;88.55;88.555;1
20180125 134836 4060000;88.555;88.555;88.56;1
20180125 134837 7810000;88.56;88.555;88.56;1
20180125 134837 9060000;88.56;88.56;88.565;3
20180125 134838 7730000;88.56;88.555;88.56;1
20180125 134839 3550000;88.56;88.56;88.565;1
20180125 134840 3590000;88.56;88.555;88.56;1
20180125 134840 4140000;88.56;88.555;88.56;1
20180125 134841 3000000;88.565;88.56;88.565;1
20180125 134841 3820000;88.565;88.56;88.565;1
20180125 134841 4290000;88.565;88.565;88.57;1
20180125 134841 4290000;88.565;88.56;88.565;1
20180125 134841 4290000;88.565;88.56;88.565;1
20180125 134841 4370000;88.565;88.565;88.57;1
20180125 134841 4800000;88.565;88.56;88.565;1
20180125 134841 5030000;88.565;88.565;88.57;2
20180125 134841 5070000;88.565;88.565;88.57;1
20180125 134841 5150000;88.565;88.56;88.565;1
20180125 134841 5150000;88.565;88.56;88.565;1
20180125 134842 4100000;88.56;88.56;88.565;1
20180125 134842 4100000;88.56;88.56;88.565;1
20180125 134842 9450000;88.55;88.55;88.56;1
20180125 134842 9450000;88.55;88.55;88.56;2
20180125 134842 9450000;88.55;88.55;88.56;1
20180125 134842 9450000;88.55;88.55;88.56;2
20180125 134842 9450000;88.55;88.545;88.55;2
20180125 134842 9450000;88.55;88.545;88.55;4
20180125 134842 9450000;88.55;88.545;88.55;4
20180125 134842 9450000;88.55;88.55;88.555;1
20180125 134842 9720000;88.55;88.55;88.555;10
20180125 134842 9720000;88.55;88.55;88.555;2
20180125 134842 9720000;88.55;88.55;88.555;3
20180125 134842 9720000;88.55;88.55;88.555;1
20180125 134844 6250000;88.55;88.545;88.55;1
20180125 134844 6250000;88.55;88.545;88.55;1
20180125 134844 6250000;88.55;88.545;88.55;1
20180125 134844 6250000;88.55;88.545;88.55;1
20180125 134844 6250000;88.55;88.545;88.55;1
20180125 134844 6280000;88.55;88.55;88.555;1
20180125 134844 7030000;88.55;88.545;88.55;1
20180125 134844 7070000;88.55;88.55;88.555;1
20180125 134844 7070000;88.55;88.55;88.555;1
20180125 134844 7810000;88.55;88.55;88.555;1
20180125 134844 7810000;88.55;88.55;88.555;1
20180125 134845 1170000;88.555;88.55;88.555;1
20180125 134845 1170000;88.555;88.55;88.555;3
20180125 134845 1170000;88.555;88.55;88.555;1
20180125 134845 1790000;88.555;88.555;88.56;1
20180125 134845 1870000;88.56;88.555;88.56;1
20180125 134845 1870000;88.56;88.555;88.56;1
20180125 134845 1870000;88.56;88.56;88.565;1
20180125 134845 2030000;88.56;88.555;88.56;2
20180125 134845 2030000;88.56;88.56;88.565;1
20180125 134845 2030000;88.56;88.56;88.565;1
20180125 134845 2180000;88.56;88.555;88.56;1
20180125 134845 2180000;88.56;88.555;88.56;2
20180125 134845 2220000;88.56;88.56;88.565;1
20180125 134845 2220000;88.56;88.555;88.56;1
20180125 134845 2220000;88.56;88.56;88.565;1
20180125 134845 2260000;88.56;88.56;88.565;1
20180125 134845 2500000;88.56;88.56;88.565;1
20180125 134845 2500000;88.56;88.56;88.565;1
20180125 134845 2730000;88.56;88.56;88.565;1
20180125 134845 2730000;88.56;88.56;88.565;1
20180125 134845 4490000;88.56;88.56;88.565;1
20180125 134845 5150000;88.56;88.555;88.56;1
20180125 134845 5150000;88.56;88.555;88.56;1
20180125 134845 5150000;88.56;88.555;88.56;1
20180125 134845 5230000;88.56;88.56;88.565;1
20180125 134845 5700000;88.56;88.555;88.56;1
20180125 134845 7850000;88.565;88.56;88.565;1
20180125 134845 9210000;88.57;88.565;88.57;1
20180125 134845 9210000;88.57;88.565;88.57;1
20180125 134845 9210000;88.57;88.565;88.57;1
20180125 134845 9210000;88.57;88.565;88.57;1
20180125 134845 9210000;88.575;88.565;88.575;1
20180125 134845 9210000;88.575;88.565;88.575;1
20180125 134845 9210000;88.575;88.565;88.575;1
20180125 134845 9210000;88.575;88.565;88.575;10
20180125 134845 9210000;88.58;88.565;88.58;1
20180125 134845 9210000;88.58;88.565;88.58;17
20180125 134845 9210000;88.58;88.565;88.58;17
20180125 134845 9210000;88.58;88.565;88.58;19
20180125 134845 9210000;88.58;88.565;88.58;17
20180125 134845 9210000;88.58;88.565;88.58;17
20180125 134845 9210000;88.58;88.565;88.58;2
20180125 134845 9210000;88.58;88.565;88.58;2
20180125 134845 9210000;88.58;88.565;88.58;5
20180125 134845 9210000;88.58;88.565;88.58;2
20180125 134845 9210000;88.58;88.565;88.58;3
20180125 134845 9210000;88.585;88.565;88.585;1
20180125 134845 9210000;88.585;88.565;88.585;17
20180125 134845 9210000;88.585;88.565;88.585;13
20180125 134845 9250000;88.57;88.57;88.575;1
20180125 134845 9250000;88.57;88.57;88.575;1
20180125 134845 9250000;88.57;88.57;88.575;1
20180125 134845 9290000;88.575;88.57;88.575;1
20180125 134845 9290000;88.58;88.57;88.58;1
20180125 134845 9290000;88.58;88.57;88.58;1
20180125 134845 9290000;88.58;88.58;88.585;1
20180125 134845 9290000;88.58;88.58;88.585;1
20180125 134845 9290000;88.575;88.575;88.58;1
20180125 134845 9370000;88.58;88.58;88.585;1
20180125 134845 9370000;88.58;88.58;88.585;1
20180125 134845 9370000;88.58;88.575;88.58;1
20180125 134845 9410000;88.58;88.58;88.585;1
20180125 134845 9410000;88.58;88.58;88.585;1
20180125 134845 9410000;88.58;88.58;88.585;1
20180125 134845 9450000;88.58;88.58;88.585;1
20180125 134845 9450000;88.58;88.58;88.585;1
20180125 134845 9530000;88.58;88.58;88.585;1
20180125 134845 9530000;88.58;88.58;88.585;1
20180125 134845 9570000;88.58;88.575;88.58;1
20180125 134845 9640000;88.58;88.58;88.585;1
20180125 134845 9640000;88.58;88.58;88.585;1
20180125 134845 9640000;88.585;88.58;88.585;1
20180125 134845 9640000;88.585;88.58;88.585;5
20180125 134845 9640000;88.585;88.58;88.585;1
20180125 134846 0420000;88.585;88.58;88.585;1
20180125 134846 0420000;88.585;88.58;88.585;1
20180125 134846 0420000;88.59;88.585;88.59;1
20180125 134846 0420000;88.59;88.585;88.59;2
20180125 134846 0420000;88.59;88.585;88.59;1
20180125 134846 0420000;88.59;88.585;88.59;1
20180125 134846 0420000;88.59;88.585;88.59;1
20180125 134846 0420000;88.59;88.585;88.59;1
20180125 134846 0420000;88.59;88.585;88.59;1
20180125 134846 0420000;88.59;88.585;88.59;1
20180125 134846 0420000;88.59;88.585;88.59;1
20180125 134846 0420000;88.59;88.585;88.59;1
20180125 134846 0420000;88.59;88.585;88.59;2
20180125 134846 0420000;88.59;88.585;88.59;1
20180125 134846 0700000;88.59;88.59;88.595;1
20180125 134846 1280000;88.59;88.59;88.595;3
20180125 134846 2070000;88.585;88.585;88.59;1
20180125 134846 2070000;88.585;88.585;88.59;1
20180125 134846 2070000;88.585;88.585;88.59;1
20180125 134846 2570000;88.585;88.585;88.59;1
20180125 134846 2570000;88.585;88.585;88.59;1
20180125 134846 2570000;88.585;88.58;88.585;1
20180125 134846 2570000;88.585;88.585;88.59;1
20180125 134846 2570000;88.585;88.58;88.585;1
20180125 134846 2570000;88.585;88.585;88.59;1
20180125 134846 2850000;88.58;88.58;88.585;1
20180125 134846 2850000;88.58;88.58;88.585;1
20180125 134846 2850000;88.58;88.58;88.585;1
20180125 134846 2850000;88.58;88.58;88.585;2
20180125 134846 3000000;88.58;88.58;88.585;1
20180125 134846 3000000;88.58;88.58;88.585;1
20180125 134846 3000000;88.58;88.575;88.58;1
20180125 134846 3390000;88.58;88.58;88.585;1
20180125 134846 3390000;88.58;88.58;88.585;1
20180125 134846 3390000;88.58;88.575;88.58;1
20180125 134846 3390000;88.58;88.575;88.58;1
20180125 134846 3390000;88.58;88.58;88.585;1
20180125 134846 3670000;88.58;88.58;88.585;1
20180125 134846 3670000;88.58;88.575;88.58;2
20180125 134846 3670000;88.58;88.58;88.585;1
20180125 134846 3670000;88.58;88.575;88.58;2
20180125 134847 0620000;88.57;88.57;88.575;1
20180125 134847 0620000;88.57;88.57;88.575;1
20180125 134847 0620000;88.57;88.57;88.575;1
20180125 134847 0620000;88.57;88.565;88.57;1
20180125 134847 0620000;88.57;88.565;88.57;1
20180125 134847 0890000;88.57;88.565;88.57;1
20180125 134847 0930000;88.57;88.565;88.57;1
20180125 134847 1640000;88.575;88.57;88.575;1
20180125 134847 1640000;88.575;88.57;88.575;1
20180125 134847 1640000;88.575;88.57;88.575;1
20180125 134847 1640000;88.575;88.575;88.58;1
20180125 134847 1670000;88.575;88.57;88.575;1
20180125 134847 1710000;88.575;88.575;88.58;1
20180125 134847 3900000;88.575;88.57;88.575;1
20180125 134847 6520000;88.575;88.575;88.58;1
20180125 134847 6520000;88.575;88.575;88.58;1
20180125 134847 8900000;88.57;88.565;88.57;1
20180125 134847 8900000;88.575;88.565;88.575;1
20180125 134847 8900000;88.575;88.565;88.575;1
20180125 134847 8900000;88.575;88.565;88.575;1
20180125 134847 8900000;88.575;88.565;88.575;1
20180125 134847 8900000;88.575;88.565;88.575;1
20180125 134847 8900000;88.575;88.575;88.58;6
20180125 134847 8900000;88.575;88.575;88.58;8
20180125 134847 8900000;88.575;88.575;88.58;1
20180125 134847 9450000;88.57;88.57;88.575;1
20180125 134847 9450000;88.57;88.57;88.575;3
20180125 134847 9490000;88.57;88.57;88.575;1
20180125 134847 9490000;88.57;88.57;88.575;1
20180125 134847 9490000;88.57;88.57;88.575;1
20180125 134847 9490000;88.57;88.565;88.57;1
20180125 134847 9640000;88.57;88.565;88.57;8
20180125 134847 9640000;88.57;88.565;88.57;1
20180125 134847 9640000;88.57;88.565;88.57;2
20180125 134847 9640000;88.57;88.565;88.57;4
20180125 134847 9640000;88.57;88.565;88.57;4
20180125 134848 0390000;88.57;88.57;88.575;1
20180125 134848 2030000;88.57;88.565;88.57;1
20180125 134848 2030000;88.57;88.565;88.57;1
20180125 134848 2030000;88.57;88.57;88.575;3
20180125 134848 2030000;88.57;88.57;88.575;1
20180125 134848 2030000;88.57;88.57;88.575;2
20180125 134848 2030000;88.57;88.57;88.575;1
20180125 134848 3510000;88.565;88.565;88.57;1
20180125 134848 3510000;88.565;88.565;88.57;2
20180125 134848 3510000;88.565;88.565;88.57;1
20180125 134848 5460000;88.57;88.565;88.57;1
20180125 134848 7100000;88.57;88.565;88.57;1
20180125 134848 7100000;88.57;88.565;88.57;1
20180125 134848 7100000;88.57;88.565;88.57;1
20180125 134848 7100000;88.575;88.565;88.575;1
20180125 134848 7260000;88.57;88.565;88.57;1
20180125 134848 8750000;88.57;88.565;88.57;1
20180125 134848 8820000;88.575;88.57;88.575;1
20180125 134849 1010000;88.58;88.575;88.58;1
20180125 134849 1130000;88.58;88.575;88.58;1
20180125 134849 1170000;88.58;88.575;88.58;1
20180125 134849 1670000;88.575;88.575;88.58;1
20180125 134849 1670000;88.575;88.575;88.58;1
20180125 134849 1670000;88.575;88.57;88.575;1
20180125 134849 2730000;88.57;88.57;88.575;1
20180125 134849 3900000;88.575;88.57;88.575;1
20180125 134849 3900000;88.575;88.57;88.575;1
20180125 134849 5620000;88.58;88.575;88.58;1
20180125 134849 5620000;88.58;88.575;88.58;1
20180125 134849 6090000;88.58;88.575;88.58;1
20180125 134849 6090000;88.585;88.575;88.585;1
20180125 134849 6090000;88.585;88.575;88.585;1
20180125 134849 6090000;88.585;88.575;88.585;1
20180125 134849 6090000;88.585;88.575;88.585;1
20180125 134849 6090000;88.585;88.575;88.585;10
20180125 134849 6090000;88.585;88.585;88.59;1
20180125 134849 6480000;88.585;88.585;88.59;1
20180125 134849 6480000;88.585;88.585;88.59;1
20180125 134849 6830000;88.58;88.575;88.58;1
20180125 134849 6830000;88.58;88.575;88.58;1
20180125 134849 6830000;88.58;88.575;88.58;11
20180125 134849 6830000;88.58;88.575;88.58;1
20180125 134849 6830000;88.58;88.58;88.585;1
20180125 134849 7960000;88.575;88.575;88.58;2
20180125 134849 7960000;88.575;88.575;88.58;1
20180125 134849 8780000;88.575;88.57;88.575;1
20180125 134849 8780000;88.575;88.57;88.575;2
20180125 134849 9640000;88.575;88.57;88.575;2
20180125 134849 9640000;88.575;88.57;88.575;1
20180125 134849 9640000;88.575;88.57;88.575;1
20180125 134850 0620000;88.58;88.575;88.58;1
20180125 134850 1990000;88.58;88.58;88.585;1
20180125 134850 1990000;88.58;88.58;88.585;1
20180125 134850 1990000;88.58;88.58;88.585;1
20180125 134850 1990000;88.58;88.58;88.585;1
20180125 134850 1990000;88.58;88.58;88.585;1
20180125 134850 1990000;88.58;88.58;88.585;1
20180125 134850 4720000;88.58;88.575;88.58;1
20180125 134850 4720000;88.58;88.575;88.58;1
20180125 134850 4720000;88.58;88.58;88.585;1
20180125 134850 4800000;88.58;88.58;88.585;1
20180125 134850 5500000;88.58;88.58;88.585;1
20180125 134850 6250000;88.58;88.58;88.585;1
20180125 134850 6250000;88.58;88.58;88.585;1
20180125 134851 1250000;88.58;88.58;88.585;2
20180125 134851 1250000;88.58;88.58;88.585;3
20180125 134851 1360000;88.58;88.58;88.585;1
20180125 134851 1750000;88.58;88.58;88.585;1
20180125 134851 3120000;88.58;88.575;88.58;1
20180125 134851 3120000;88.58;88.575;88.58;1
20180125 134851 3120000;88.585;88.575;88.585;1
20180125 134851 3120000;88.585;88.575;88.585;1
20180125 134851 4760000;88.585;88.585;88.59;2
20180125 134851 4760000;88.585;88.585;88.59;1
20180125 134851 7500000;88.585;88.58;88.585;4
20180125 134851 7500000;88.585;88.58;88.585;1
20180125 134851 7500000;88.585;88.58;88.585;1
20180125 134851 9020000;88.59;88.585;88.59;1
20180125 134852 0580000;88.59;88.59;88.595;1
20180125 134852 0580000;88.59;88.59;88.595;1
20180125 134852 0580000;88.59;88.59;88.595;1
20180125 134852 2140000;88.59;88.585;88.59;1
20180125 134852 2140000;88.59;88.585;88.59;1
20180125 134852 2140000;88.59;88.585;88.59;1
20180125 134852 3350000;88.59;88.585;88.59;1
20180125 134852 3430000;88.585;88.585;88.59;1
20180125 134852 3430000;88.585;88.585;88.59;3
20180125 134852 3430000;88.585;88.585;88.59;1
20180125 134852 3430000;88.585;88.585;88.59;3
20180125 134852 3430000;88.585;88.585;88.59;3
20180125 134852 3750000;88.585;88.58;88.585;1
20180125 134852 3750000;88.59;88.58;88.59;1
20180125 134852 3940000;88.59;88.585;88.59;1
20180125 134852 4370000;88.59;88.59;88.595;2
20180125 134852 4370000;88.59;88.59;88.595;1
20180125 134852 4370000;88.59;88.59;88.595;5
20180125 134852 4370000;88.59;88.59;88.595;1
20180125 134852 4370000;88.59;88.59;88.595;2
20180125 134852 6250000;88.59;88.585;88.59;1
20180125 134852 6950000;88.59;88.585;88.59;1
20180125 134852 6950000;88.59;88.585;88.59;1
20180125 134852 6950000;88.59;88.585;88.59;1
20180125 134852 7770000;88.585;88.585;88.59;3
20180125 134853 0000000;88.59;88.585;88.59;1
20180125 134853 2420000;88.585;88.585;88.59;2
20180125 134854 3040000;88.59;88.585;88.59;1
20180125 134854 4760000;88.595;88.59;88.595;1
20180125 134854 9250000;88.595;88.59;88.595;1
20180125 134855 0500000;88.595;88.595;88.6;1
20180125 134855 9600000;88.6;88.595;88.6;1
20180125 134856 0780000;88.6;88.6;88.605;2
20180125 134856 1170000;88.6;88.595;88.6;1
20180125 134857 3670000;88.595;88.595;88.6;3
20180125 134857 3670000;88.595;88.595;88.6;2
20180125 134857 3670000;88.595;88.595;88.6;3
20180125 134857 3670000;88.595;88.595;88.6;1
20180125 134857 3670000;88.595;88.595;88.6;2
20180125 134857 3940000;88.59;88.59;88.595;1
20180125 134857 4600000;88.595;88.59;88.595;1
20180125 134857 4600000;88.595;88.59;88.595;1
20180125 134857 4600000;88.595;88.59;88.595;1
20180125 134857 7340000;88.59;88.59;88.595;1
20180125 134857 7340000;88.59;88.59;88.595;1
20180125 134857 7530000;88.59;88.585;88.59;1
20180125 134858 0230000;88.595;88.59;88.595;1
20180125 134858 0230000;88.595;88.59;88.595;1
20180125 134858 0230000;88.595;88.59;88.595;5
20180125 134858 0230000;88.595;88.595;88.6;1
20180125 134858 0230000;88.595;88.595;88.6;1
20180125 134858 0310000;88.595;88.595;88.6;1
20180125 134858 0310000;88.595;88.595;88.6;1
20180125 134858 0310000;88.595;88.59;88.595;1
20180125 134858 0310000;88.595;88.59;88.595;1
20180125 134858 0310000;88.595;88.59;88.595;3
20180125 134858 0310000;88.595;88.59;88.595;2
20180125 134858 0620000;88.595;88.59;88.595;1
20180125 134858 0620000;88.595;88.59;88.595;1
20180125 134858 0620000;88.595;88.59;88.595;1
20180125 134858 1210000;88.595;88.595;88.6;1
20180125 134858 1210000;88.595;88.595;88.6;1
20180125 134858 3860000;88.595;88.595;88.6;3
20180125 134858 5310000;88.595;88.59;88.595;1
20180125 134858 6670000;88.6;88.595;88.6;1
20180125 134858 7500000;88.605;88.6;88.605;1
20180125 134858 8240000;88.605;88.6;88.605;1
20180125 134858 8430000;88.605;88.605;88.61;1
20180125 134858 8980000;88.605;88.6;88.605;1
20180125 134859 9210000;88.6;88.6;88.605;1
20180125 134859 9490000;88.6;88.6;88.605;1
20180125 134859 9490000;88.6;88.6;88.605;2
20180125 134859 9490000;88.6;88.6;88.605;2
20180125 134859 9530000;88.6;88.6;88.605;1
20180125 134859 9530000;88.6;88.6;88.605;3
20180125 134859 9530000;88.6;88.6;88.605;2
20180125 134859 9530000;88.6;88.6;88.605;1
20180125 134901 0420000;88.6;88.595;88.6;1
20180125 134901 1990000;88.6;88.6;88.605;1
20180125 134901 5540000;88.6;88.595;88.6;1
20180125 134901 6830000;88.6;88.595;88.6;1
20180125 134901 7650000;88.6;88.595;88.6;1
20180125 134901 8860000;88.6;88.595;88.6;1
20180125 134902 0000000;88.6;88.6;88.605;2
20180125 134902 2030000;88.6;88.6;88.605;2
20180125 134902 2030000;88.6;88.6;88.605;1
20180125 134902 2030000;88.6;88.6;88.605;1
20180125 134902 2030000;88.6;88.6;88.605;2
20180125 134902 2770000;88.6;88.595;88.6;1
20180125 134902 7920000;88.605;88.6;88.605;1
20180125 134902 7920000;88.605;88.6;88.605;1
20180125 134903 1130000;88.605;88.6;88.605;1
20180125 134903 1480000;88.61;88.605;88.61;1
20180125 134903 6170000;88.61;88.605;88.61;1
20180125 134903 8710000;88.61;88.605;88.61;1
20180125 134903 9680000;88.61;88.61;88.615;2
20180125 134904 0740000;88.61;88.61;88.615;1
20180125 134904 0740000;88.61;88.61;88.615;1
20180125 134904 0740000;88.61;88.61;88.615;1
20180125 134904 1010000;88.61;88.605;88.61;1
20180125 134904 1010000;88.61;88.605;88.61;1
20180125 134904 5460000;88.605;88.605;88.61;1
20180125 134904 5460000;88.605;88.605;88.61;2
20180125 134904 5460000;88.605;88.605;88.61;3
20180125 134904 5460000;88.605;88.605;88.61;3
20180125 134904 5460000;88.605;88.605;88.61;1
20180125 134904 5460000;88.605;88.605;88.61;1
20180125 134904 8470000;88.605;88.6;88.605;1
20180125 134904 9060000;88.605;88.6;88.605;1
20180125 134905 1600000;88.605;88.6;88.605;1
20180125 134905 1600000;88.605;88.6;88.605;1
20180125 134905 1990000;88.605;88.6;88.605;4
20180125 134905 1990000;88.605;88.6;88.605;2
20180125 134905 1990000;88.605;88.6;88.605;1
20180125 134905 1990000;88.61;88.605;88.61;1
20180125 134905 1990000;88.61;88.605;88.61;1
20180125 134905 1990000;88.61;88.605;88.61;2
20180125 134905 1990000;88.61;88.61;88.615;1
20180125 134905 2030000;88.61;88.61;88.615;1
20180125 134905 2030000;88.61;88.605;88.61;1
20180125 134905 2030000;88.61;88.605;88.61;1
20180125 134905 2030000;88.61;88.61;88.615;1
20180125 134905 2070000;88.61;88.61;88.615;1
20180125 134905 2070000;88.61;88.61;88.615;1
20180125 134905 2070000;88.61;88.61;88.615;1
20180125 134905 2100000;88.61;88.61;88.615;1
20180125 134905 2140000;88.61;88.605;88.61;1
20180125 134905 2180000;88.61;88.61;88.615;1
20180125 134905 2180000;88.605;88.605;88.615;1
20180125 134905 2380000;88.605;88.605;88.61;1
20180125 134905 2380000;88.605;88.605;88.61;1
20180125 134905 3000000;88.61;88.605;88.61;1
20180125 134905 3000000;88.61;88.605;88.61;1
20180125 134905 3750000;88.605;88.605;88.61;1
20180125 134905 3750000;88.605;88.605;88.61;1
20180125 134905 4020000;88.605;88.605;88.61;1
20180125 134905 4020000;88.605;88.605;88.61;1
20180125 134905 4020000;88.605;88.6;88.605;1
20180125 134905 4490000;88.605;88.6;88.605;6
20180125 134905 5460000;88.605;88.6;88.605;2
20180125 134905 5580000;88.605;88.6;88.605;2
20180125 134905 5580000;88.605;88.6;88.605;1
20180125 134905 5930000;88.605;88.605;88.61;1
20180125 134905 6010000;88.605;88.6;88.605;1
20180125 134905 6010000;88.605;88.6;88.605;1
20180125 134905 6400000;88.605;88.605;88.61;1
20180125 134905 6440000;88.605;88.6;88.605;1
20180125 134905 6440000;88.605;88.6;88.605;1
20180125 134906 2260000;88.61;88.6;88.61;1
20180125 134906 3000000;88.605;88.605;88.61;1
20180125 134907 0110000;88.605;88.6;88.605;1
20180125 134908 1320000;88.6;88.6;88.605;1
20180125 134908 1320000;88.6;88.6;88.605;1
20180125 134908 1320000;88.6;88.6;88.605;1
20180125 134908 1320000;88.6;88.6;88.605;3
20180125 134908 1320000;88.6;88.6;88.605;1
20180125 134908 1320000;88.6;88.6;88.605;4
20180125 134908 3630000;88.595;88.595;88.6;1
20180125 134908 3630000;88.595;88.595;88.6;1
20180125 134908 4290000;88.595;88.59;88.595;1
20180125 134908 5420000;88.595;88.59;88.595;8
20180125 134908 7770000;88.595;88.59;88.595;1
20180125 134909 1170000;88.59;88.59;88.595;1
20180125 134909 4250000;88.59;88.585;88.59;1
20180125 134909 4250000;88.59;88.585;88.59;1
20180125 134909 4250000;88.59;88.585;88.59;5
20180125 134909 4250000;88.59;88.585;88.59;3
20180125 134909 9020000;88.585;88.585;88.59;2
20180125 134909 9020000;88.585;88.585;88.59;1
20180125 134910 6130000;88.58;88.58;88.585;1
20180125 134910 7070000;88.58;88.575;88.58;2
20180125 134910 7070000;88.58;88.575;88.58;4
20180125 134911 2610000;88.58;88.58;88.585;1
20180125 134911 2610000;88.58;88.58;88.585;1
20180125 134912 8350000;88.59;88.585;88.59;1
20180125 134913 9100000;88.595;88.59;88.595;1
20180125 134913 9100000;88.595;88.59;88.595;1
20180125 134914 8240000;88.595;88.595;88.6;1
20180125 134915 3860000;88.59;88.585;88.59;1
20180125 134915 4100000;88.59;88.585;88.59;1
20180125 134915 4100000;88.59;88.59;88.595;3
20180125 134915 4100000;88.59;88.59;88.595;1
20180125 134915 4100000;88.59;88.59;88.595;1
20180125 134915 4100000;88.59;88.585;88.59;1
20180125 134915 4100000;88.59;88.585;88.59;1
20180125 134917 7890000;88.59;88.585;88.59;1
20180125 134917 8080000;88.59;88.585;88.59;1
20180125 134917 8080000;88.59;88.585;88.59;1
20180125 134917 8080000;88.59;88.585;88.59;1
20180125 134917 8320000;88.59;88.59;88.595;1
20180125 134917 8350000;88.59;88.585;88.59;1
20180125 134917 8350000;88.59;88.585;88.59;1
20180125 134918 0660000;88.595;88.59;88.595;1
20180125 134918 7070000;88.595;88.59;88.595;1
20180125 134919 0660000;88.6;88.595;88.6;2
20180125 134919 0660000;88.6;88.595;88.6;1
20180125 134919 0660000;88.6;88.595;88.6;1
20180125 134919 2960000;88.605;88.6;88.605;1
20180125 134919 2960000;88.605;88.6;88.605;1
20180125 134919 3390000;88.605;88.605;88.61;1
20180125 134919 3390000;88.605;88.605;88.61;1
20180125 134919 3860000;88.605;88.6;88.605;1
20180125 134919 3860000;88.605;88.605;88.61;3
20180125 134919 9490000;88.605;88.605;88.61;1
20180125 134920 3980000;88.605;88.605;88.61;1
20180125 134921 4960000;88.605;88.6;88.605;1
20180125 134923 4760000;88.6;88.6;88.605;1
20180125 134924 7070000;88.6;88.595;88.6;1
20180125 134925 1360000;88.6;88.595;88.6;1
20180125 134925 2260000;88.595;88.595;88.6;1
20180125 134926 0780000;88.595;88.595;88.6;1
20180125 134927 0390000;88.595;88.595;88.6;1
20180125 134927 0390000;88.595;88.595;88.6;1
20180125 134927 5350000;88.595;88.595;88.6;1
20180125 134929 6440000;88.59;88.59;88.595;1
20180125 134929 6440000;88.59;88.59;88.595;1
20180125 134929 6440000;88.59;88.59;88.595;1
20180125 134931 1480000;88.59;88.59;88.6;1
20180125 134938 0970000;88.58;88.58;88.585;1
20180125 134938 0970000;88.58;88.58;88.585;1
20180125 134938 0970000;88.58;88.58;88.585;1
20180125 134938 0970000;88.575;88.575;88.58;1
20180125 134938 1010000;88.58;88.575;88.58;1
20180125 134938 1010000;88.58;88.575;88.58;1
20180125 134938 1010000;88.58;88.575;88.58;1
20180125 134938 1010000;88.58;88.575;88.58;1
20180125 134938 1010000;88.58;88.58;88.585;1
20180125 134938 1050000;88.58;88.58;88.585;1
20180125 134938 1170000;88.58;88.575;88.58;1
20180125 134938 1280000;88.58;88.575;88.58;1
20180125 134938 1280000;88.58;88.58;88.585;1
20180125 134938 1280000;88.58;88.58;88.585;2
20180125 134938 1280000;88.58;88.58;88.585;1
20180125 134938 1280000;88.58;88.575;88.58;2
20180125 134938 1280000;88.58;88.575;88.58;1
20180125 134938 1280000;88.58;88.575;88.58;1
20180125 134938 1280000;88.58;88.575;88.58;1
20180125 134938 5230000;88.57;88.57;88.575;1
20180125 134938 5540000;88.565;88.565;88.57;1
20180125 134938 6050000;88.565;88.56;88.565;1
20180125 134938 6050000;88.565;88.56;88.565;1
20180125 134938 6400000;88.565;88.565;88.57;1
20180125 134938 6400000;88.565;88.565;88.57;1
20180125 134939 0190000;88.565;88.565;88.57;1
20180125 134939 1010000;88.565;88.565;88.57;1
20180125 134939 1210000;88.565;88.565;88.57;1
20180125 134939 1480000;88.565;88.565;88.57;1
20180125 134939 2070000;88.565;88.565;88.57;1
20180125 134939 2070000;88.565;88.565;88.57;1
20180125 134939 5270000;88.56;88.56;88.565;1
20180125 134939 5270000;88.56;88.555;88.56;1
20180125 134940 4450000;88.565;88.565;88.57;1
20180125 134940 4600000;88.565;88.56;88.565;1
20180125 134940 5500000;88.565;88.56;88.565;1
20180125 134940 5500000;88.565;88.56;88.565;1
20180125 134940 7730000;88.565;88.56;88.565;1
20180125 134941 5150000;88.56;88.56;88.565;1
20180125 134942 6830000;88.55;88.55;88.555;1
20180125 134942 6830000;88.55;88.55;88.555;1
20180125 134942 7920000;88.545;88.545;88.55;1
20180125 134943 0500000;88.545;88.54;88.545;1
20180125 134943 2340000;88.55;88.545;88.55;1
20180125 134943 2610000;88.555;88.545;88.555;1
20180125 134943 2610000;88.555;88.545;88.555;1
20180125 134943 2610000;88.555;88.545;88.555;1
20180125 134943 2610000;88.555;88.545;88.555;1
20180125 134943 2610000;88.555;88.545;88.555;1
20180125 134943 9140000;88.555;88.55;88.555;1
20180125 134944 2100000;88.55;88.55;88.555;1
20180125 134944 2100000;88.55;88.55;88.555;1
20180125 134944 2890000;88.55;88.55;88.555;1
20180125 134944 3860000;88.55;88.545;88.55;1
20180125 134946 0500000;88.565;88.56;88.565;1
20180125 134946 2920000;88.565;88.565;88.57;1
20180125 134946 5660000;88.575;88.57;88.575;1
20180125 134946 5660000;88.575;88.57;88.575;1
20180125 134946 5660000;88.575;88.57;88.575;2
20180125 134946 5660000;88.575;88.57;88.575;1
20180125 134946 5660000;88.575;88.57;88.575;1
20180125 134946 5660000;88.575;88.57;88.575;6
20180125 134946 5700000;88.57;88.57;88.575;1
20180125 134946 5700000;88.57;88.57;88.575;3
20180125 134946 5700000;88.57;88.57;88.575;1
20180125 134946 5700000;88.57;88.57;88.575;1
20180125 134947 0780000;88.575;88.57;88.575;1
20180125 134947 0780000;88.58;88.575;88.58;1
20180125 134947 0780000;88.58;88.575;88.58;1
20180125 134947 0780000;88.58;88.575;88.58;1
20180125 134947 0780000;88.58;88.575;88.58;1
20180125 134947 0780000;88.58;88.575;88.58;1
20180125 134947 0820000;88.58;88.58;88.585;1
20180125 134947 0820000;88.58;88.58;88.585;1
20180125 134947 0930000;88.575;88.575;88.58;1
20180125 134947 5390000;88.57;88.57;88.575;1
20180125 134947 5390000;88.57;88.57;88.575;1
20180125 134947 6320000;88.57;88.565;88.57;3
20180125 134947 6320000;88.57;88.565;88.57;1
20180125 134948 1210000;88.565;88.565;88.57;1
20180125 134948 6320000;88.565;88.565;88.57;1
20180125 134948 6320000;88.565;88.565;88.57;1
20180125 134949 1790000;88.56;88.56;88.565;1
20180125 134949 9250000;88.555;88.555;88.56;1
20180125 134951 0970000;88.56;88.56;88.565;1
20180125 134951 0970000;88.56;88.56;88.565;1
20180125 134951 0970000;88.56;88.56;88.565;1
20180125 134952 4330000;88.565;88.565;88.57;1
20180125 134952 4330000;88.565;88.565;88.57;1
20180125 134953 8080000;88.57;88.57;88.575;1
20180125 134953 8080000;88.57;88.57;88.575;1
20180125 134954 0070000;88.565;88.565;88.57;1
20180125 134954 0070000;88.565;88.565;88.57;1
20180125 134954 7610000;88.56;88.56;88.565;1
20180125 134954 7610000;88.56;88.56;88.565;1
20180125 134954 7610000;88.56;88.555;88.56;10
20180125 134954 7850000;88.56;88.555;88.56;1
20180125 134954 7850000;88.56;88.555;88.56;1
20180125 134954 7850000;88.56;88.56;88.565;1
20180125 134955 1910000;88.56;88.56;88.565;1
20180125 134955 1910000;88.56;88.56;88.565;1
20180125 134956 2890000;88.57;88.565;88.57;1
20180125 134957 8040000;88.58;88.575;88.58;1
20180125 134959 1170000;88.575;88.57;88.575;1
20180125 134959 1170000;88.575;88.57;88.575;1
20180125 135000 1400000;88.57;88.565;88.57;1
20180125 135000 1400000;88.57;88.57;88.575;1
20180125 135001 2810000;88.57;88.565;88.57;1
20180125 135001 4290000;88.57;88.57;88.575;1
20180125 135001 4290000;88.57;88.57;88.575;6
20180125 135001 4290000;88.57;88.57;88.575;6
20180125 135002 0390000;88.565;88.565;88.57;1
20180125 135002 3040000;88.565;88.565;88.57;1
20180125 135002 6400000;88.565;88.565;88.57;1
20180125 135003 0230000;88.565;88.565;88.57;1
20180125 135003 5660000;88.565;88.56;88.565;1
20180125 135005 8780000;88.565;88.565;88.57;1
20180125 135006 6170000;88.565;88.565;88.57;1
20180125 135009 1090000;88.57;88.565;88.57;1
20180125 135009 3240000;88.565;88.565;88.57;1
20180125 135009 3860000;88.57;88.56;88.57;1
20180125 135009 3860000;88.57;88.56;88.57;1
20180125 135009 3860000;88.57;88.56;88.57;3
20180125 135009 6170000;88.565;88.565;88.57;1
20180125 135009 6170000;88.565;88.565;88.57;1
20180125 135009 6990000;88.565;88.565;88.57;1
20180125 135011 3120000;88.565;88.565;88.57;1
20180125 135011 5230000;88.565;88.56;88.565;1
20180125 135014 0890000;88.56;88.56;88.565;1
20180125 135014 1790000;88.555;88.555;88.56;1
20180125 135014 1790000;88.555;88.555;88.56;1
20180125 135014 1790000;88.555;88.555;88.56;1
20180125 135014 3820000;88.555;88.555;88.56;1
20180125 135015 8430000;88.555;88.555;88.56;1
20180125 135016 2140000;88.555;88.55;88.555;1
20180125 135016 5780000;88.56;88.555;88.56;1
20180125 135016 8750000;88.56;88.56;88.565;1
20180125 135017 7890000;88.555;88.555;88.56;1
20180125 135018 1600000;88.555;88.55;88.555;1
20180125 135018 4290000;88.55;88.55;88.555;1
20180125 135018 6400000;88.555;88.55;88.555;1
20180125 135018 6400000;88.555;88.55;88.555;1
20180125 135018 6400000;88.555;88.55;88.555;1
20180125 135018 6400000;88.555;88.55;88.555;10
20180125 135018 6400000;88.555;88.55;88.555;1
20180125 135018 6400000;88.555;88.55;88.555;4
20180125 135018 6400000;88.555;88.555;88.56;8
20180125 135018 6400000;88.555;88.555;88.56;4
20180125 135018 6400000;88.56;88.555;88.56;1
20180125 135018 6400000;88.56;88.555;88.56;2
20180125 135019 4020000;88.56;88.555;88.56;1
20180125 135019 4920000;88.56;88.555;88.56;1
20180125 135021 6560000;88.555;88.555;88.56;1
20180125 135023 4880000;88.55;88.55;88.555;1
20180125 135023 4880000;88.55;88.55;88.555;1
20180125 135023 4880000;88.55;88.55;88.555;1
20180125 135023 4880000;88.55;88.55;88.555;1
20180125 135023 4880000;88.55;88.55;88.555;2
20180125 135023 4880000;88.55;88.545;88.55;1
20180125 135023 4880000;88.55;88.545;88.55;4
20180125 135023 4920000;88.55;88.545;88.55;1
20180125 135023 4920000;88.55;88.545;88.55;2
20180125 135023 4960000;88.55;88.545;88.55;1
20180125 135023 4960000;88.55;88.545;88.55;2
20180125 135023 4960000;88.55;88.545;88.55;3
20180125 135023 4960000;88.55;88.545;88.55;2
20180125 135023 4960000;88.55;88.545;88.55;2
20180125 135023 4960000;88.55;88.545;88.55;2
20180125 135023 5500000;88.55;88.55;88.555;1
20180125 135023 5500000;88.55;88.55;88.555;1
20180125 135025 4880000;88.555;88.555;88.56;1
20180125 135025 4880000;88.555;88.555;88.56;1
20180125 135025 4880000;88.555;88.555;88.56;1
20180125 135027 4880000;88.56;88.55;88.56;1
20180125 135027 4880000;88.56;88.55;88.56;1
20180125 135027 4880000;88.56;88.55;88.56;1
20180125 135027 5460000;88.56;88.56;88.565;1
20180125 135027 5460000;88.56;88.56;88.565;1
20180125 135027 5460000;88.56;88.555;88.56;1
20180125 135027 5460000;88.56;88.555;88.56;2
20180125 135027 5460000;88.56;88.555;88.56;1
20180125 135027 5930000;88.56;88.56;88.565;1
20180125 135027 6560000;88.56;88.56;88.565;1
20180125 135027 6560000;88.56;88.56;88.565;1
20180125 135027 6560000;88.56;88.56;88.565;1
20180125 135027 6560000;88.56;88.56;88.565;1
20180125 135027 8200000;88.57;88.565;88.57;1
20180125 135027 8240000;88.57;88.57;88.575;1
20180125 135027 8240000;88.57;88.565;88.57;1
20180125 135027 9600000;88.57;88.565;88.57;1
20180125 135027 9600000;88.57;88.57;88.575;1
20180125 135027 9600000;88.57;88.57;88.575;1
20180125 135027 9640000;88.57;88.57;88.575;1
20180125 135029 2340000;88.575;88.575;88.58;1
20180125 135029 2340000;88.575;88.575;88.58;2
20180125 135029 2340000;88.575;88.575;88.58;1
20180125 135030 7650000;88.575;88.575;88.58;1
20180125 135030 7650000;88.575;88.575;88.58;1
20180125 135030 8670000;88.57;88.57;88.575;1
20180125 135031 1560000;88.57;88.57;88.575;1
20180125 135031 3390000;88.565;88.565;88.57;1
20180125 135031 3390000;88.565;88.565;88.57;1
20180125 135031 3390000;88.565;88.565;88.57;7
20180125 135031 3750000;88.57;88.565;88.57;1
20180125 135031 5110000;88.57;88.57;88.575;1
20180125 135031 6640000;88.575;88.57;88.575;1
20180125 135031 7500000;88.575;88.575;88.58;1
20180125 135032 3320000;88.575;88.57;88.575;1
20180125 135032 6440000;88.575;88.57;88.575;1
20180125 135032 6440000;88.575;88.57;88.575;1
20180125 135032 6480000;88.575;88.575;88.58;1
20180125 135034 4600000;88.575;88.575;88.58;1
20180125 135034 8670000;88.575;88.575;88.585;1
20180125 135034 8670000;88.575;88.575;88.585;1
20180125 135034 8670000;88.575;88.575;88.585;2
20180125 135035 0230000;88.58;88.575;88.58;1
20180125 135035 4170000;88.58;88.575;88.58;1
20180125 135035 4840000;88.58;88.58;88.585;1
20180125 135035 5700000;88.58;88.58;88.585;1
20180125 135036 5890000;88.58;88.575;88.58;1
20180125 135036 9330000;88.585;88.58;88.585;1
20180125 135037 2730000;88.585;88.58;88.585;1
20180125 135039 4100000;88.58;88.58;88.59;1
20180125 135039 4100000;88.58;88.58;88.59;1
20180125 135039 4100000;88.58;88.58;88.59;1
20180125 135039 4100000;88.58;88.58;88.59;1
20180125 135039 5740000;88.585;88.58;88.585;1
20180125 135040 2850000;88.59;88.585;88.59;1
20180125 135040 2960000;88.59;88.585;88.59;1
20180125 135040 3000000;88.59;88.585;88.59;1
20180125 135040 3000000;88.59;88.585;88.59;1
20180125 135042 6480000;88.595;88.595;88.6;1
20180125 135042 6480000;88.595;88.595;88.6;1
20180125 135042 6480000;88.595;88.595;88.6;1
20180125 135042 6480000;88.595;88.59;88.595;1
20180125 135042 6520000;88.595;88.59;88.595;1
20180125 135042 7650000;88.595;88.595;88.6;1
20180125 135042 7650000;88.595;88.595;88.6;1
20180125 135042 8080000;88.6;88.59;88.6;1
20180125 135042 8080000;88.6;88.59;88.6;1
20180125 135042 8080000;88.6;88.59;88.6;1
20180125 135042 8080000;88.6;88.6;88.605;1
20180125 135042 8080000;88.6;88.6;88.605;2
20180125 135042 8080000;88.6;88.6;88.605;1
20180125 135043 0230000;88.595;88.59;88.595;2
20180125 135043 0230000;88.595;88.59;88.595;1
20180125 135043 0230000;88.595;88.59;88.595;1
20180125 135043 0230000;88.595;88.59;88.595;1
20180125 135043 0230000;88.595;88.595;88.6;1
20180125 135043 0230000;88.595;88.595;88.6;1
20180125 135044 7300000;88.595;88.59;88.595;1
20180125 135044 7380000;88.595;88.59;88.595;1
20180125 135045 2420000;88.595;88.595;88.6;1
20180125 135045 6250000;88.6;88.6;88.605;1
20180125 135045 9490000;88.6;88.595;88.6;1
20180125 135045 9490000;88.6;88.595;88.6;1
20180125 135046 7810000;88.595;88.595;88.605;1
20180125 135046 7810000;88.595;88.595;88.605;1
20180125 135046 7810000;88.595;88.595;88.605;1
20180125 135046 7810000;88.595;88.595;88.605;1
20180125 135047 1830000;88.595;88.595;88.6;1
20180125 135047 6170000;88.59;88.59;88.595;1
20180125 135047 6170000;88.59;88.59;88.595;1
20180125 135047 6950000;88.585;88.585;88.59;1
20180125 135047 6950000;88.585;88.585;88.59;1
20180125 135047 7850000;88.59;88.585;88.59;1
20180125 135047 9020000;88.59;88.59;88.595;1
20180125 135047 9020000;88.59;88.59;88.595;1
20180125 135047 9020000;88.59;88.585;88.59;2
20180125 135048 0270000;88.59;88.59;88.595;1
20180125 135048 0270000;88.59;88.59;88.595;1
20180125 135048 1210000;88.585;88.585;88.59;1
20180125 135048 1210000;88.585;88.585;88.59;1
20180125 135048 1320000;88.585;88.58;88.585;1
20180125 135048 1400000;88.585;88.585;88.59;1
20180125 135048 4140000;88.585;88.585;88.59;1
20180125 135048 4140000;88.585;88.585;88.59;1
20180125 135048 4140000;88.585;88.58;88.585;1
20180125 135048 7500000;88.585;88.58;88.585;1
20180125 135048 7500000;88.585;88.58;88.585;1
20180125 135049 9450000;88.58;88.58;88.585;1
20180125 135051 1090000;88.575;88.575;88.58;1
20180125 135051 1090000;88.575;88.575;88.58;1
20180125 135051 1090000;88.575;88.575;88.58;1
20180125 135052 2570000;88.58;88.58;88.585;1
20180125 135053 0970000;88.575;88.575;88.58;1
20180125 135053 0970000;88.575;88.575;88.58;1
20180125 135053 2220000;88.57;88.57;88.575;1
20180125 135053 2220000;88.57;88.57;88.575;1
20180125 135054 9170000;88.58;88.57;88.58;1
20180125 135054 9170000;88.58;88.57;88.58;1
20180125 135054 9170000;88.58;88.57;88.58;1
20180125 135054 9170000;88.58;88.57;88.58;1
20180125 135055 4410000;88.58;88.575;88.58;1
20180125 135056 2530000;88.575;88.57;88.575;1
20180125 135059 0270000;88.585;88.58;88.585;1
20180125 135059 0350000;88.585;88.585;88.59;1
20180125 135059 2690000;88.585;88.585;88.59;1
20180125 135100 5660000;88.585;88.58;88.585;1
20180125 135100 7380000;88.59;88.585;88.59;1
20180125 135100 8750000;88.59;88.59;88.595;1
20180125 135102 6250000;88.58;88.58;88.585;1
20180125 135102 6250000;88.58;88.58;88.585;1
20180125 135103 0030000;88.58;88.575;88.58;1
20180125 135103 1600000;88.575;88.575;88.58;1
20180125 135103 3000000;88.575;88.57;88.575;1
20180125 135104 2650000;88.57;88.57;88.575;1
20180125 135104 2650000;88.57;88.57;88.575;1
20180125 135104 2650000;88.57;88.57;88.575;1
20180125 135104 3590000;88.565;88.565;88.57;1
20180125 135104 3590000;88.565;88.565;88.57;2
20180125 135104 3590000;88.565;88.565;88.57;2
20180125 135104 3590000;88.565;88.565;88.57;1
20180125 135104 3590000;88.565;88.565;88.57;1
20180125 135104 3590000;88.565;88.565;88.57;6
20180125 135104 3710000;88.565;88.56;88.565;1
20180125 135104 3710000;88.565;88.56;88.565;1
20180125 135104 3710000;88.565;88.56;88.565;1
20180125 135104 4570000;88.565;88.565;88.575;1
20180125 135104 4570000;88.565;88.565;88.575;1
20180125 135104 4570000;88.565;88.565;88.575;2
20180125 135105 7570000;88.575;88.575;88.58;1
20180125 135105 7570000;88.575;88.575;88.58;1
20180125 135106 9140000;88.58;88.575;88.58;1
20180125 135109 4600000;88.575;88.575;88.58;1
20180125 135109 4600000;88.575;88.575;88.58;1
20180125 135110 6010000;88.58;88.575;88.58;1
20180125 135111 2690000;88.58;88.58;88.585;1
20180125 135113 9450000;88.585;88.58;88.585;1
20180125 135113 9450000;88.585;88.58;88.585;1
20180125 135114 3860000;88.58;88.58;88.585;1
20180125 135115 0350000;88.575;88.575;88.58;1
20180125 135115 0350000;88.575;88.575;88.58;1
20180125 135115 0420000;88.575;88.575;88.58;1
20180125 135115 0420000;88.575;88.575;88.58;1
20180125 135116 5620000;88.575;88.575;88.58;1
20180125 135118 6250000;88.575;88.57;88.575;3
20180125 135118 6250000;88.575;88.57;88.575;1
20180125 135118 6280000;88.575;88.575;88.58;1
20180125 135123 8980000;88.57;88.57;88.575;1
20180125 135123 8980000;88.57;88.57;88.575;1
20180125 135123 8980000;88.57;88.57;88.575;1
20180125 135123 8980000;88.57;88.57;88.575;1
20180125 135123 9570000;88.565;88.565;88.57;1
20180125 135123 9570000;88.565;88.565;88.57;1
20180125 135123 9600000;88.565;88.56;88.565;1
20180125 135124 1400000;88.565;88.56;88.565;1
20180125 135124 2610000;88.57;88.565;88.57;1
20180125 135124 2610000;88.57;88.565;88.57;1
20180125 135124 2610000;88.57;88.565;88.57;2
20180125 135124 2650000;88.57;88.57;88.575;1
20180125 135124 2730000;88.57;88.565;88.57;1
20180125 135124 2730000;88.57;88.565;88.57;1
20180125 135124 2730000;88.57;88.565;88.57;1
20180125 135124 2730000;88.57;88.565;88.57;1
20180125 135124 2730000;88.57;88.565;88.57;1
20180125 135124 2730000;88.57;88.565;88.57;1
20180125 135125 1520000;88.57;88.57;88.575;1
20180125 135125 1520000;88.57;88.57;88.575;1
20180125 135125 3430000;88.57;88.565;88.57;1
20180125 135125 3430000;88.57;88.565;88.57;1
20180125 135125 3430000;88.57;88.565;88.57;1
20180125 135133 4060000;88.56;88.555;88.56;1
20180125 135133 4100000;88.56;88.56;88.565;1
20180125 135133 4210000;88.56;88.555;88.56;1
20180125 135134 1170000;88.555;88.555;88.56;1
20180125 135134 1170000;88.555;88.555;88.56;1
20180125 135134 1170000;88.555;88.555;88.56;1
20180125 135135 8120000;88.555;88.555;88.56;1
20180125 135135 9020000;88.555;88.55;88.555;1
20180125 135136 1010000;88.555;88.555;88.56;2
20180125 135138 6670000;88.555;88.55;88.555;1
20180125 135138 6670000;88.555;88.55;88.555;2
20180125 135138 6670000;88.555;88.55;88.555;1
20180125 135138 6670000;88.555;88.55;88.555;2
20180125 135138 6670000;88.555;88.55;88.555;4
20180125 135139 0190000;88.55;88.55;88.555;5
20180125 135139 0190000;88.55;88.55;88.555;1
20180125 135140 4330000;88.55;88.55;88.555;1
20180125 135140 4330000;88.55;88.55;88.555;1
20180125 135140 4330000;88.55;88.55;88.555;1
20180125 135140 6480000;88.55;88.55;88.555;3
20180125 135140 6990000;88.545;88.545;88.55;2
20180125 135140 6990000;88.545;88.545;88.55;1
20180125 135140 6990000;88.545;88.545;88.55;2
20180125 135140 7070000;88.545;88.545;88.55;1
20180125 135140 7070000;88.545;88.545;88.55;1
20180125 135140 7100000;88.545;88.54;88.545;2
20180125 135140 7610000;88.545;88.54;88.545;1
20180125 135140 7610000;88.545;88.54;88.545;2
20180125 135140 8320000;88.545;88.54;88.545;2
20180125 135142 8710000;88.545;88.54;88.545;2
20180125 135142 8710000;88.545;88.54;88.545;2
20180125 135142 8710000;88.545;88.54;88.545;2
20180125 135142 8710000;88.55;88.54;88.55;1
20180125 135142 8710000;88.55;88.54;88.55;1
20180125 135142 8710000;88.55;88.54;88.55;1
20180125 135142 8710000;88.55;88.54;88.55;1
20180125 135144 5110000;88.55;88.545;88.55;2
20180125 135144 5110000;88.55;88.545;88.55;8
20180125 135145 3470000;88.55;88.545;88.55;4
20180125 135145 3470000;88.55;88.545;88.55;2
20180125 135147 3040000;88.55;88.545;88.55;1
20180125 135147 7030000;88.545;88.545;88.555;1
20180125 135147 7030000;88.545;88.545;88.555;1
20180125 135147 7100000;88.545;88.545;88.55;1
20180125 135147 7100000;88.545;88.545;88.55;1
20180125 135148 9450000;88.55;88.55;88.555;1
20180125 135150 5620000;88.55;88.545;88.55;2
20180125 135150 7220000;88.545;88.545;88.555;1
20180125 135150 7220000;88.545;88.545;88.555;1
20180125 135150 7220000;88.545;88.545;88.555;1
20180125 135150 7220000;88.545;88.545;88.555;1
20180125 135150 7220000;88.545;88.545;88.555;2
20180125 135150 7220000;88.545;88.545;88.555;1
20180125 135150 7220000;88.545;88.545;88.555;2
20180125 135150 7220000;88.545;88.54;88.545;1
20180125 135150 7220000;88.545;88.54;88.545;1
20180125 135150 7220000;88.545;88.54;88.545;5
20180125 135151 5390000;88.55;88.545;88.55;1
20180125 135154 4760000;88.55;88.545;88.55;1
20180125 135155 1440000;88.545;88.545;88.55;1
20180125 135155 1440000;88.545;88.54;88.545;1
20180125 135155 9100000;88.55;88.55;88.555;2
20180125 135155 9100000;88.55;88.55;88.555;1
20180125 135155 9100000;88.55;88.55;88.555;1
20180125 135155 9100000;88.55;88.545;88.55;2
20180125 135155 9330000;88.555;88.55;88.555;1
20180125 135155 9370000;88.555;88.55;88.555;1
20180125 135157 6480000;88.545;88.545;88.55;1
20180125 135158 3240000;88.545;88.54;88.545;1
20180125 135158 8080000;88.545;88.54;88.545;1
20180125 135158 8320000;88.545;88.54;88.545;1
20180125 135158 9100000;88.55;88.54;88.55;1
20180125 135159 4680000;88.54;88.54;88.545;1
20180125 135159 4720000;88.54;88.535;88.54;1
20180125 135200 1790000;88.54;88.535;88.54;1
20180125 135200 2140000;88.54;88.54;88.545;1
20180125 135200 2140000;88.54;88.54;88.545;1
20180125 135201 2030000;88.535;88.535;88.545;1
20180125 135201 2030000;88.535;88.535;88.545;1
20180125 135201 2030000;88.535;88.535;88.545;1
20180125 135201 2030000;88.535;88.535;88.545;2
20180125 135201 2070000;88.535;88.535;88.54;1
20180125 135201 2070000;88.535;88.535;88.54;1
20180125 135201 2070000;88.535;88.53;88.535;1
20180125 135201 2260000;88.535;88.53;88.535;1
20180125 135201 3550000;88.535;88.53;88.535;1
20180125 135203 0110000;88.55;88.545;88.55;1
20180125 135203 0110000;88.55;88.545;88.55;1
20180125 135203 0110000;88.55;88.545;88.55;1
20180125 135203 8550000;88.54;88.54;88.545;1
20180125 135205 6910000;88.54;88.54;88.545;1
20180125 135205 9290000;88.535;88.535;88.545;1
20180125 135206 5310000;88.54;88.54;88.545;2
20180125 135206 8590000;88.54;88.54;88.545;1
20180125 135206 8590000;88.54;88.54;88.545;2
20180125 135206 8590000;88.54;88.535;88.54;1
20180125 135207 3900000;88.54;88.535;88.54;1
20180125 135211 8670000;88.535;88.535;88.54;1
20180125 135211 8670000;88.535;88.535;88.54;4
20180125 135211 8670000;88.53;88.53;88.54;1
20180125 135211 8670000;88.53;88.53;88.54;5
